1 0.135654 0.128206 0.128206 0.135654 0.145198 0.135654 0.128206 0.128206 0.135654 0.145198 0.149706 0.128206 0.128206 0.135654 0.145198 0.135654 0.128206 0.128206 0.135654 0.145198 0.135654 0.136922 0.128206 0.135654 0.145198 0.135654 0.128206 0.128206 0.135654 0.145198 0.135654 0.128206 0.136922 0.135654 0.145198 0.135654 0.128206 0.128206 0.135654 0.145198 0.135654 0.128206 0.128206 0.149706 0.145198 0.135654 0.128206 0.128206 0.135654 0.145198 0.135654 0.128206 0.128206 0.135654 
0.135654 1 0.135654 0.128206 0.128206 0.135654 0.145198 0.135654 0.128206 0.128206 0.135654 0.145198 0.149706 0.128206 0.128206 0.135654 0.145198 0.135654 0.128206 0.128206 0.135654 0.145198 0.135654 0.136922 0.128206 0.135654 0.145198 0.135654 0.128206 0.128206 0.135654 0.145198 0.135654 0.128206 0.136922 0.135654 0.145198 0.135654 0.128206 0.128206 0.135654 0.145198 0.135654 0.128206 0.128206 0.149706 0.145198 0.135654 0.128206 0.128206 0.135654 0.145198 0.135654 0.128206 0.128206 
0.128206 0.135654 1 0.135654 0.128206 0.128206 0.135654 0.145198 0.135654 0.128206 0.128206 0.135654 0.145198 0.149706 0.128206 0.128206 0.135654 0.145198 0.135654 0.128206 0.128206 0.135654 0.145198 0.135654 0.136922 0.128206 0.135654 0.145198 0.135654 0.128206 0.128206 0.135654 0.145198 0.135654 0.128206 0.136922 0.135654 0.145198 0.135654 0.128206 0.128206 0.135654 0.145198 0.135654 0.128206 0.128206 0.149706 0.145198 0.135654 0.128206 0.128206 0.135654 0.145198 0.135654 0.128206 
0.128206 0.128206 0.135654 1 0.135654 0.128206 0.128206 0.135654 0.145198 0.135654 0.128206 0.128206 0.135654 0.145198 0.149706 0.128206 0.128206 0.135654 0.145198 0.135654 0.128206 0.128206 0.135654 0.145198 0.135654 0.136922 0.128206 0.135654 0.145198 0.135654 0.128206 0.128206 0.135654 0.145198 0.135654 0.128206 0.136922 0.135654 0.145198 0.135654 0.128206 0.128206 0.135654 0.145198 0.135654 0.128206 0.128206 0.149706 0.145198 0.135654 0.128206 0.128206 0.135654 0.145198 0.135654 
0.135654 0.128206 0.128206 0.135654 1 0.135654 0.128206 0.128206 0.135654 0.145198 0.135654 0.128206 0.128206 0.135654 0.145198 0.149706 0.128206 0.128206 0.135654 0.145198 0.135654 0.128206 0.128206 0.135654 0.145198 0.135654 0.136922 0.128206 0.135654 0.145198 0.135654 0.128206 0.128206 0.135654 0.145198 0.135654 0.128206 0.136922 0.135654 0.145198 0.135654 0.128206 0.128206 0.135654 0.145198 0.135654 0.128206 0.128206 0.149706 0.145198 0.135654 0.128206 0.128206 0.135654 0.145198 
0.145198 0.135654 0.128206 0.128206 0.135654 1 0.135654 0.128206 0.128206 0.135654 0.145198 0.135654 0.128206 0.128206 0.135654 0.145198 0.149706 0.128206 0.128206 0.135654 0.145198 0.135654 0.128206 0.128206 0.135654 0.145198 0.135654 0.136922 0.128206 0.135654 0.145198 0.135654 0.128206 0.128206 0.135654 0.145198 0.135654 0.128206 0.136922 0.135654 0.145198 0.135654 0.128206 0.128206 0.135654 0.145198 0.135654 0.128206 0.128206 0.149706 0.145198 0.135654 0.128206 0.128206 0.135654 
0.135654 0.145198 0.135654 0.128206 0.128206 0.135654 1 0.135654 0.128206 0.128206 0.135654 0.145198 0.135654 0.128206 0.128206 0.135654 0.145198 0.149706 0.128206 0.128206 0.135654 0.145198 0.135654 0.128206 0.128206 0.135654 0.145198 0.135654 0.136922 0.128206 0.135654 0.145198 0.135654 0.128206 0.128206 0.135654 0.145198 0.135654 0.128206 0.136922 0.135654 0.145198 0.135654 0.128206 0.128206 0.135654 0.145198 0.135654 0.128206 0.128206 0.149706 0.145198 0.135654 0.128206 0.128206 
0.128206 0.135654 0.145198 0.135654 0.128206 0.128206 0.135654 1 0.135654 0.128206 0.128206 0.135654 0.145198 0.135654 0.128206 0.128206 0.135654 0.145198 0.149706 0.128206 0.128206 0.135654 0.145198 0.135654 0.128206 0.128206 0.135654 0.145198 0.135654 0.136922 0.128206 0.135654 0.145198 0.135654 0.128206 0.128206 0.135654 0.145198 0.135654 0.128206 0.136922 0.135654 0.145198 0.135654 0.128206 0.128206 0.135654 0.145198 0.135654 0.128206 0.128206 0.149706 0.145198 0.135654 0.128206 
0.128206 0.128206 0.135654 0.145198 0.135654 0.128206 0.128206 0.135654 1 0.135654 0.128206 0.128206 0.135654 0.145198 0.135654 0.128206 0.128206 0.135654 0.145198 0.149706 0.128206 0.128206 0.135654 0.145198 0.135654 0.128206 0.128206 0.135654 0.145198 0.135654 0.136922 0.128206 0.135654 0.145198 0.135654 0.128206 0.128206 0.135654 0.145198 0.135654 0.128206 0.136922 0.135654 0.145198 0.135654 0.128206 0.128206 0.135654 0.145198 0.135654 0.128206 0.128206 0.149706 0.145198 0.135654 
0.135654 0.128206 0.128206 0.135654 0.145198 0.135654 0.128206 0.128206 0.135654 1 0.135654 0.128206 0.128206 0.135654 0.145198 0.135654 0.128206 0.128206 0.135654 0.145198 0.149706 0.128206 0.128206 0.135654 0.145198 0.135654 0.128206 0.128206 0.135654 0.145198 0.135654 0.136922 0.128206 0.135654 0.145198 0.135654 0.128206 0.128206 0.135654 0.145198 0.135654 0.128206 0.136922 0.135654 0.145198 0.135654 0.128206 0.128206 0.135654 0.145198 0.135654 0.128206 0.128206 0.149706 0.145198 
0.145198 0.135654 0.128206 0.128206 0.135654 0.145198 0.135654 0.128206 0.128206 0.135654 1 0.135654 0.128206 0.128206 0.135654 0.145198 0.135654 0.128206 0.128206 0.135654 0.145198 0.149706 0.128206 0.128206 0.135654 0.145198 0.135654 0.128206 0.128206 0.135654 0.145198 0.135654 0.136922 0.128206 0.135654 0.145198 0.135654 0.128206 0.128206 0.135654 0.145198 0.135654 0.128206 0.136922 0.135654 0.145198 0.135654 0.128206 0.128206 0.135654 0.145198 0.135654 0.128206 0.128206 0.149706 
0.149706 0.145198 0.135654 0.128206 0.128206 0.135654 0.145198 0.135654 0.128206 0.128206 0.135654 1 0.135654 0.128206 0.128206 0.135654 0.145198 0.135654 0.128206 0.128206 0.135654 0.145198 0.149706 0.128206 0.128206 0.135654 0.145198 0.135654 0.128206 0.128206 0.135654 0.145198 0.135654 0.136922 0.128206 0.135654 0.145198 0.135654 0.128206 0.128206 0.135654 0.145198 0.135654 0.128206 0.136922 0.135654 0.145198 0.135654 0.128206 0.128206 0.135654 0.145198 0.135654 0.128206 0.128206 
0.128206 0.149706 0.145198 0.135654 0.128206 0.128206 0.135654 0.145198 0.135654 0.128206 0.128206 0.135654 1 0.135654 0.128206 0.128206 0.135654 0.145198 0.135654 0.128206 0.128206 0.135654 0.145198 0.149706 0.128206 0.128206 0.135654 0.145198 0.135654 0.128206 0.128206 0.135654 0.145198 0.135654 0.136922 0.128206 0.135654 0.145198 0.135654 0.128206 0.128206 0.135654 0.145198 0.135654 0.128206 0.136922 0.135654 0.145198 0.135654 0.128206 0.128206 0.135654 0.145198 0.135654 0.128206 
0.128206 0.128206 0.149706 0.145198 0.135654 0.128206 0.128206 0.135654 0.145198 0.135654 0.128206 0.128206 0.135654 1 0.135654 0.128206 0.128206 0.135654 0.145198 0.135654 0.128206 0.128206 0.135654 0.145198 0.149706 0.128206 0.128206 0.135654 0.145198 0.135654 0.128206 0.128206 0.135654 0.145198 0.135654 0.136922 0.128206 0.135654 0.145198 0.135654 0.128206 0.128206 0.135654 0.145198 0.135654 0.128206 0.136922 0.135654 0.145198 0.135654 0.128206 0.128206 0.135654 0.145198 0.135654 
0.135654 0.128206 0.128206 0.149706 0.145198 0.135654 0.128206 0.128206 0.135654 0.145198 0.135654 0.128206 0.128206 0.135654 1 0.135654 0.128206 0.128206 0.135654 0.145198 0.135654 0.128206 0.128206 0.135654 0.145198 0.149706 0.128206 0.128206 0.135654 0.145198 0.135654 0.128206 0.128206 0.135654 0.145198 0.135654 0.136922 0.128206 0.135654 0.145198 0.135654 0.128206 0.128206 0.135654 0.145198 0.135654 0.128206 0.136922 0.135654 0.145198 0.135654 0.128206 0.128206 0.135654 0.145198 
0.145198 0.135654 0.128206 0.128206 0.149706 0.145198 0.135654 0.128206 0.128206 0.135654 0.145198 0.135654 0.128206 0.128206 0.135654 1 0.135654 0.128206 0.128206 0.135654 0.145198 0.135654 0.128206 0.128206 0.135654 0.145198 0.149706 0.128206 0.128206 0.135654 0.145198 0.135654 0.128206 0.128206 0.135654 0.145198 0.135654 0.136922 0.128206 0.135654 0.145198 0.135654 0.128206 0.128206 0.135654 0.145198 0.135654 0.128206 0.136922 0.135654 0.145198 0.135654 0.128206 0.128206 0.135654 
0.135654 0.145198 0.135654 0.128206 0.128206 0.149706 0.145198 0.135654 0.128206 0.128206 0.135654 0.145198 0.135654 0.128206 0.128206 0.135654 1 0.135654 0.128206 0.128206 0.135654 0.145198 0.135654 0.128206 0.128206 0.135654 0.145198 0.149706 0.128206 0.128206 0.135654 0.145198 0.135654 0.128206 0.128206 0.135654 0.145198 0.135654 0.136922 0.128206 0.135654 0.145198 0.135654 0.128206 0.128206 0.135654 0.145198 0.135654 0.128206 0.136922 0.135654 0.145198 0.135654 0.128206 0.128206 
0.128206 0.135654 0.145198 0.135654 0.128206 0.128206 0.149706 0.145198 0.135654 0.128206 0.128206 0.135654 0.145198 0.135654 0.128206 0.128206 0.135654 1 0.135654 0.128206 0.128206 0.135654 0.145198 0.135654 0.128206 0.128206 0.135654 0.145198 0.149706 0.128206 0.128206 0.135654 0.145198 0.135654 0.128206 0.128206 0.135654 0.145198 0.135654 0.136922 0.128206 0.135654 0.145198 0.135654 0.128206 0.128206 0.135654 0.145198 0.135654 0.128206 0.136922 0.135654 0.145198 0.135654 0.128206 
0.128206 0.128206 0.135654 0.145198 0.135654 0.128206 0.128206 0.149706 0.145198 0.135654 0.128206 0.128206 0.135654 0.145198 0.135654 0.128206 0.128206 0.135654 1 0.135654 0.128206 0.128206 0.135654 0.145198 0.135654 0.128206 0.128206 0.135654 0.145198 0.149706 0.128206 0.128206 0.135654 0.145198 0.135654 0.128206 0.128206 0.135654 0.145198 0.135654 0.136922 0.128206 0.135654 0.145198 0.135654 0.128206 0.128206 0.135654 0.145198 0.135654 0.128206 0.136922 0.135654 0.145198 0.135654 
0.135654 0.128206 0.128206 0.135654 0.145198 0.135654 0.128206 0.128206 0.149706 0.145198 0.135654 0.128206 0.128206 0.135654 0.145198 0.135654 0.128206 0.128206 0.135654 1 0.135654 0.128206 0.128206 0.135654 0.145198 0.135654 0.128206 0.128206 0.135654 0.145198 0.149706 0.128206 0.128206 0.135654 0.145198 0.135654 0.128206 0.128206 0.135654 0.145198 0.135654 0.136922 0.128206 0.135654 0.145198 0.135654 0.128206 0.128206 0.135654 0.145198 0.135654 0.128206 0.136922 0.135654 0.145198 
0.145198 0.135654 0.128206 0.128206 0.135654 0.145198 0.135654 0.128206 0.128206 0.149706 0.145198 0.135654 0.128206 0.128206 0.135654 0.145198 0.135654 0.128206 0.128206 0.135654 1 0.135654 0.128206 0.128206 0.135654 0.145198 0.135654 0.128206 0.128206 0.135654 0.145198 0.149706 0.128206 0.128206 0.135654 0.145198 0.135654 0.128206 0.128206 0.135654 0.145198 0.135654 0.136922 0.128206 0.135654 0.145198 0.135654 0.128206 0.128206 0.135654 0.145198 0.135654 0.128206 0.136922 0.135654 
0.135654 0.145198 0.135654 0.128206 0.128206 0.135654 0.145198 0.135654 0.128206 0.128206 0.149706 0.145198 0.135654 0.128206 0.128206 0.135654 0.145198 0.135654 0.128206 0.128206 0.135654 1 0.135654 0.128206 0.128206 0.135654 0.145198 0.135654 0.128206 0.128206 0.135654 0.145198 0.149706 0.128206 0.128206 0.135654 0.145198 0.135654 0.128206 0.128206 0.135654 0.145198 0.135654 0.136922 0.128206 0.135654 0.145198 0.135654 0.128206 0.128206 0.135654 0.145198 0.135654 0.128206 0.136922 
0.136922 0.135654 0.145198 0.135654 0.128206 0.128206 0.135654 0.145198 0.135654 0.128206 0.128206 0.149706 0.145198 0.135654 0.128206 0.128206 0.135654 0.145198 0.135654 0.128206 0.128206 0.135654 1 0.135654 0.128206 0.128206 0.135654 0.145198 0.135654 0.128206 0.128206 0.135654 0.145198 0.149706 0.128206 0.128206 0.135654 0.145198 0.135654 0.128206 0.128206 0.135654 0.145198 0.135654 0.136922 0.128206 0.135654 0.145198 0.135654 0.128206 0.128206 0.135654 0.145198 0.135654 0.128206 
0.128206 0.136922 0.135654 0.145198 0.135654 0.128206 0.128206 0.135654 0.145198 0.135654 0.128206 0.128206 0.149706 0.145198 0.135654 0.128206 0.128206 0.135654 0.145198 0.135654 0.128206 0.128206 0.135654 1 0.135654 0.128206 0.128206 0.135654 0.145198 0.135654 0.128206 0.128206 0.135654 0.145198 0.149706 0.128206 0.128206 0.135654 0.145198 0.135654 0.128206 0.128206 0.135654 0.145198 0.135654 0.136922 0.128206 0.135654 0.145198 0.135654 0.128206 0.128206 0.135654 0.145198 0.135654 
0.135654 0.128206 0.136922 0.135654 0.145198 0.135654 0.128206 0.128206 0.135654 0.145198 0.135654 0.128206 0.128206 0.149706 0.145198 0.135654 0.128206 0.128206 0.135654 0.145198 0.135654 0.128206 0.128206 0.135654 1 0.135654 0.128206 0.128206 0.135654 0.145198 0.135654 0.128206 0.128206 0.135654 0.145198 0.149706 0.128206 0.128206 0.135654 0.145198 0.135654 0.128206 0.128206 0.135654 0.145198 0.135654 0.136922 0.128206 0.135654 0.145198 0.135654 0.128206 0.128206 0.135654 0.145198 
0.145198 0.135654 0.128206 0.136922 0.135654 0.145198 0.135654 0.128206 0.128206 0.135654 0.145198 0.135654 0.128206 0.128206 0.149706 0.145198 0.135654 0.128206 0.128206 0.135654 0.145198 0.135654 0.128206 0.128206 0.135654 1 0.135654 0.128206 0.128206 0.135654 0.145198 0.135654 0.128206 0.128206 0.135654 0.145198 0.149706 0.128206 0.128206 0.135654 0.145198 0.135654 0.128206 0.128206 0.135654 0.145198 0.135654 0.136922 0.128206 0.135654 0.145198 0.135654 0.128206 0.128206 0.135654 
0.135654 0.145198 0.135654 0.128206 0.136922 0.135654 0.145198 0.135654 0.128206 0.128206 0.135654 0.145198 0.135654 0.128206 0.128206 0.149706 0.145198 0.135654 0.128206 0.128206 0.135654 0.145198 0.135654 0.128206 0.128206 0.135654 1 0.135654 0.128206 0.128206 0.135654 0.145198 0.135654 0.128206 0.128206 0.135654 0.145198 0.149706 0.128206 0.128206 0.135654 0.145198 0.135654 0.128206 0.128206 0.135654 0.145198 0.135654 0.136922 0.128206 0.135654 0.145198 0.135654 0.128206 0.128206 
0.128206 0.135654 0.145198 0.135654 0.128206 0.136922 0.135654 0.145198 0.135654 0.128206 0.128206 0.135654 0.145198 0.135654 0.128206 0.128206 0.149706 0.145198 0.135654 0.128206 0.128206 0.135654 0.145198 0.135654 0.128206 0.128206 0.135654 1 0.135654 0.128206 0.128206 0.135654 0.145198 0.135654 0.128206 0.128206 0.135654 0.145198 0.149706 0.128206 0.128206 0.135654 0.145198 0.135654 0.128206 0.128206 0.135654 0.145198 0.135654 0.136922 0.128206 0.135654 0.145198 0.135654 0.128206 
0.128206 0.128206 0.135654 0.145198 0.135654 0.128206 0.136922 0.135654 0.145198 0.135654 0.128206 0.128206 0.135654 0.145198 0.135654 0.128206 0.128206 0.149706 0.145198 0.135654 0.128206 0.128206 0.135654 0.145198 0.135654 0.128206 0.128206 0.135654 1 0.135654 0.128206 0.128206 0.135654 0.145198 0.135654 0.128206 0.128206 0.135654 0.145198 0.149706 0.128206 0.128206 0.135654 0.145198 0.135654 0.128206 0.128206 0.135654 0.145198 0.135654 0.136922 0.128206 0.135654 0.145198 0.135654 
0.135654 0.128206 0.128206 0.135654 0.145198 0.135654 0.128206 0.136922 0.135654 0.145198 0.135654 0.128206 0.128206 0.135654 0.145198 0.135654 0.128206 0.128206 0.149706 0.145198 0.135654 0.128206 0.128206 0.135654 0.145198 0.135654 0.128206 0.128206 0.135654 1 0.135654 0.128206 0.128206 0.135654 0.145198 0.135654 0.128206 0.128206 0.135654 0.145198 0.149706 0.128206 0.128206 0.135654 0.145198 0.135654 0.128206 0.128206 0.135654 0.145198 0.135654 0.136922 0.128206 0.135654 0.145198 
0.145198 0.135654 0.128206 0.128206 0.135654 0.145198 0.135654 0.128206 0.136922 0.135654 0.145198 0.135654 0.128206 0.128206 0.135654 0.145198 0.135654 0.128206 0.128206 0.149706 0.145198 0.135654 0.128206 0.128206 0.135654 0.145198 0.135654 0.128206 0.128206 0.135654 1 0.135654 0.128206 0.128206 0.135654 0.145198 0.135654 0.128206 0.128206 0.135654 0.145198 0.149706 0.128206 0.128206 0.135654 0.145198 0.135654 0.128206 0.128206 0.135654 0.145198 0.135654 0.136922 0.128206 0.135654 
0.135654 0.145198 0.135654 0.128206 0.128206 0.135654 0.145198 0.135654 0.128206 0.136922 0.135654 0.145198 0.135654 0.128206 0.128206 0.135654 0.145198 0.135654 0.128206 0.128206 0.149706 0.145198 0.135654 0.128206 0.128206 0.135654 0.145198 0.135654 0.128206 0.128206 0.135654 1 0.135654 0.128206 0.128206 0.135654 0.145198 0.135654 0.128206 0.128206 0.135654 0.145198 0.149706 0.128206 0.128206 0.135654 0.145198 0.135654 0.128206 0.128206 0.135654 0.145198 0.135654 0.136922 0.128206 
0.128206 0.135654 0.145198 0.135654 0.128206 0.128206 0.135654 0.145198 0.135654 0.128206 0.136922 0.135654 0.145198 0.135654 0.128206 0.128206 0.135654 0.145198 0.135654 0.128206 0.128206 0.149706 0.145198 0.135654 0.128206 0.128206 0.135654 0.145198 0.135654 0.128206 0.128206 0.135654 1 0.135654 0.128206 0.128206 0.135654 0.145198 0.135654 0.128206 0.128206 0.135654 0.145198 0.149706 0.128206 0.128206 0.135654 0.145198 0.135654 0.128206 0.128206 0.135654 0.145198 0.135654 0.136922 
0.136922 0.128206 0.135654 0.145198 0.135654 0.128206 0.128206 0.135654 0.145198 0.135654 0.128206 0.136922 0.135654 0.145198 0.135654 0.128206 0.128206 0.135654 0.145198 0.135654 0.128206 0.128206 0.149706 0.145198 0.135654 0.128206 0.128206 0.135654 0.145198 0.135654 0.128206 0.128206 0.135654 1 0.135654 0.128206 0.128206 0.135654 0.145198 0.135654 0.128206 0.128206 0.135654 0.145198 0.149706 0.128206 0.128206 0.135654 0.145198 0.135654 0.128206 0.128206 0.135654 0.145198 0.135654 
0.135654 0.136922 0.128206 0.135654 0.145198 0.135654 0.128206 0.128206 0.135654 0.145198 0.135654 0.128206 0.136922 0.135654 0.145198 0.135654 0.128206 0.128206 0.135654 0.145198 0.135654 0.128206 0.128206 0.149706 0.145198 0.135654 0.128206 0.128206 0.135654 0.145198 0.135654 0.128206 0.128206 0.135654 1 0.135654 0.128206 0.128206 0.135654 0.145198 0.135654 0.128206 0.128206 0.135654 0.145198 0.149706 0.128206 0.128206 0.135654 0.145198 0.135654 0.128206 0.128206 0.135654 0.145198 
0.145198 0.135654 0.136922 0.128206 0.135654 0.145198 0.135654 0.128206 0.128206 0.135654 0.145198 0.135654 0.128206 0.136922 0.135654 0.145198 0.135654 0.128206 0.128206 0.135654 0.145198 0.135654 0.128206 0.128206 0.149706 0.145198 0.135654 0.128206 0.128206 0.135654 0.145198 0.135654 0.128206 0.128206 0.135654 1 0.135654 0.128206 0.128206 0.135654 0.145198 0.135654 0.128206 0.128206 0.135654 0.145198 0.149706 0.128206 0.128206 0.135654 0.145198 0.135654 0.128206 0.128206 0.135654 
0.135654 0.145198 0.135654 0.136922 0.128206 0.135654 0.145198 0.135654 0.128206 0.128206 0.135654 0.145198 0.135654 0.128206 0.136922 0.135654 0.145198 0.135654 0.128206 0.128206 0.135654 0.145198 0.135654 0.128206 0.128206 0.149706 0.145198 0.135654 0.128206 0.128206 0.135654 0.145198 0.135654 0.128206 0.128206 0.135654 1 0.135654 0.128206 0.128206 0.135654 0.145198 0.135654 0.128206 0.128206 0.135654 0.145198 0.149706 0.128206 0.128206 0.135654 0.145198 0.135654 0.128206 0.128206 
0.128206 0.135654 0.145198 0.135654 0.136922 0.128206 0.135654 0.145198 0.135654 0.128206 0.128206 0.135654 0.145198 0.135654 0.128206 0.136922 0.135654 0.145198 0.135654 0.128206 0.128206 0.135654 0.145198 0.135654 0.128206 0.128206 0.149706 0.145198 0.135654 0.128206 0.128206 0.135654 0.145198 0.135654 0.128206 0.128206 0.135654 1 0.135654 0.128206 0.128206 0.135654 0.145198 0.135654 0.128206 0.128206 0.135654 0.145198 0.149706 0.128206 0.128206 0.135654 0.145198 0.135654 0.128206 
0.128206 0.128206 0.135654 0.145198 0.135654 0.136922 0.128206 0.135654 0.145198 0.135654 0.128206 0.128206 0.135654 0.145198 0.135654 0.128206 0.136922 0.135654 0.145198 0.135654 0.128206 0.128206 0.135654 0.145198 0.135654 0.128206 0.128206 0.149706 0.145198 0.135654 0.128206 0.128206 0.135654 0.145198 0.135654 0.128206 0.128206 0.135654 1 0.135654 0.128206 0.128206 0.135654 0.145198 0.135654 0.128206 0.128206 0.135654 0.145198 0.149706 0.128206 0.128206 0.135654 0.145198 0.135654 
0.135654 0.128206 0.128206 0.135654 0.145198 0.135654 0.136922 0.128206 0.135654 0.145198 0.135654 0.128206 0.128206 0.135654 0.145198 0.135654 0.128206 0.136922 0.135654 0.145198 0.135654 0.128206 0.128206 0.135654 0.145198 0.135654 0.128206 0.128206 0.149706 0.145198 0.135654 0.128206 0.128206 0.135654 0.145198 0.135654 0.128206 0.128206 0.135654 1 0.135654 0.128206 0.128206 0.135654 0.145198 0.135654 0.128206 0.128206 0.135654 0.145198 0.149706 0.128206 0.128206 0.135654 0.145198 
0.145198 0.135654 0.128206 0.128206 0.135654 0.145198 0.135654 0.136922 0.128206 0.135654 0.145198 0.135654 0.128206 0.128206 0.135654 0.145198 0.135654 0.128206 0.136922 0.135654 0.145198 0.135654 0.128206 0.128206 0.135654 0.145198 0.135654 0.128206 0.128206 0.149706 0.145198 0.135654 0.128206 0.128206 0.135654 0.145198 0.135654 0.128206 0.128206 0.135654 1 0.135654 0.128206 0.128206 0.135654 0.145198 0.135654 0.128206 0.128206 0.135654 0.145198 0.149706 0.128206 0.128206 0.135654 
0.135654 0.145198 0.135654 0.128206 0.128206 0.135654 0.145198 0.135654 0.136922 0.128206 0.135654 0.145198 0.135654 0.128206 0.128206 0.135654 0.145198 0.135654 0.128206 0.136922 0.135654 0.145198 0.135654 0.128206 0.128206 0.135654 0.145198 0.135654 0.128206 0.128206 0.149706 0.145198 0.135654 0.128206 0.128206 0.135654 0.145198 0.135654 0.128206 0.128206 0.135654 1 0.135654 0.128206 0.128206 0.135654 0.145198 0.135654 0.128206 0.128206 0.135654 0.145198 0.149706 0.128206 0.128206 
0.128206 0.135654 0.145198 0.135654 0.128206 0.128206 0.135654 0.145198 0.135654 0.136922 0.128206 0.135654 0.145198 0.135654 0.128206 0.128206 0.135654 0.145198 0.135654 0.128206 0.136922 0.135654 0.145198 0.135654 0.128206 0.128206 0.135654 0.145198 0.135654 0.128206 0.128206 0.149706 0.145198 0.135654 0.128206 0.128206 0.135654 0.145198 0.135654 0.128206 0.128206 0.135654 1 0.135654 0.128206 0.128206 0.135654 0.145198 0.135654 0.128206 0.128206 0.135654 0.145198 0.149706 0.128206 
0.128206 0.128206 0.135654 0.145198 0.135654 0.128206 0.128206 0.135654 0.145198 0.135654 0.136922 0.128206 0.135654 0.145198 0.135654 0.128206 0.128206 0.135654 0.145198 0.135654 0.128206 0.136922 0.135654 0.145198 0.135654 0.128206 0.128206 0.135654 0.145198 0.135654 0.128206 0.128206 0.149706 0.145198 0.135654 0.128206 0.128206 0.135654 0.145198 0.135654 0.128206 0.128206 0.135654 1 0.135654 0.128206 0.128206 0.135654 0.145198 0.135654 0.128206 0.128206 0.135654 0.145198 0.149706 
0.149706 0.128206 0.128206 0.135654 0.145198 0.135654 0.128206 0.128206 0.135654 0.145198 0.135654 0.136922 0.128206 0.135654 0.145198 0.135654 0.128206 0.128206 0.135654 0.145198 0.135654 0.128206 0.136922 0.135654 0.145198 0.135654 0.128206 0.128206 0.135654 0.145198 0.135654 0.128206 0.128206 0.149706 0.145198 0.135654 0.128206 0.128206 0.135654 0.145198 0.135654 0.128206 0.128206 0.135654 1 0.135654 0.128206 0.128206 0.135654 0.145198 0.135654 0.128206 0.128206 0.135654 0.145198 
0.145198 0.149706 0.128206 0.128206 0.135654 0.145198 0.135654 0.128206 0.128206 0.135654 0.145198 0.135654 0.136922 0.128206 0.135654 0.145198 0.135654 0.128206 0.128206 0.135654 0.145198 0.135654 0.128206 0.136922 0.135654 0.145198 0.135654 0.128206 0.128206 0.135654 0.145198 0.135654 0.128206 0.128206 0.149706 0.145198 0.135654 0.128206 0.128206 0.135654 0.145198 0.135654 0.128206 0.128206 0.135654 1 0.135654 0.128206 0.128206 0.135654 0.145198 0.135654 0.128206 0.128206 0.135654 
0.135654 0.145198 0.149706 0.128206 0.128206 0.135654 0.145198 0.135654 0.128206 0.128206 0.135654 0.145198 0.135654 0.136922 0.128206 0.135654 0.145198 0.135654 0.128206 0.128206 0.135654 0.145198 0.135654 0.128206 0.136922 0.135654 0.145198 0.135654 0.128206 0.128206 0.135654 0.145198 0.135654 0.128206 0.128206 0.149706 0.145198 0.135654 0.128206 0.128206 0.135654 0.145198 0.135654 0.128206 0.128206 0.135654 1 0.135654 0.128206 0.128206 0.135654 0.145198 0.135654 0.128206 0.128206 
0.128206 0.135654 0.145198 0.149706 0.128206 0.128206 0.135654 0.145198 0.135654 0.128206 0.128206 0.135654 0.145198 0.135654 0.136922 0.128206 0.135654 0.145198 0.135654 0.128206 0.128206 0.135654 0.145198 0.135654 0.128206 0.136922 0.135654 0.145198 0.135654 0.128206 0.128206 0.135654 0.145198 0.135654 0.128206 0.128206 0.149706 0.145198 0.135654 0.128206 0.128206 0.135654 0.145198 0.135654 0.128206 0.128206 0.135654 1 0.135654 0.128206 0.128206 0.135654 0.145198 0.135654 0.128206 
0.128206 0.128206 0.135654 0.145198 0.149706 0.128206 0.128206 0.135654 0.145198 0.135654 0.128206 0.128206 0.135654 0.145198 0.135654 0.136922 0.128206 0.135654 0.145198 0.135654 0.128206 0.128206 0.135654 0.145198 0.135654 0.128206 0.136922 0.135654 0.145198 0.135654 0.128206 0.128206 0.135654 0.145198 0.135654 0.128206 0.128206 0.149706 0.145198 0.135654 0.128206 0.128206 0.135654 0.145198 0.135654 0.128206 0.128206 0.135654 1 0.135654 0.128206 0.128206 0.135654 0.145198 0.135654 
0.135654 0.128206 0.128206 0.135654 0.145198 0.149706 0.128206 0.128206 0.135654 0.145198 0.135654 0.128206 0.128206 0.135654 0.145198 0.135654 0.136922 0.128206 0.135654 0.145198 0.135654 0.128206 0.128206 0.135654 0.145198 0.135654 0.128206 0.136922 0.135654 0.145198 0.135654 0.128206 0.128206 0.135654 0.145198 0.135654 0.128206 0.128206 0.149706 0.145198 0.135654 0.128206 0.128206 0.135654 0.145198 0.135654 0.128206 0.128206 0.135654 1 0.135654 0.128206 0.128206 0.135654 0.145198 
0.145198 0.135654 0.128206 0.128206 0.135654 0.145198 0.149706 0.128206 0.128206 0.135654 0.145198 0.135654 0.128206 0.128206 0.135654 0.145198 0.135654 0.136922 0.128206 0.135654 0.145198 0.135654 0.128206 0.128206 0.135654 0.145198 0.135654 0.128206 0.136922 0.135654 0.145198 0.135654 0.128206 0.128206 0.135654 0.145198 0.135654 0.128206 0.128206 0.149706 0.145198 0.135654 0.128206 0.128206 0.135654 0.145198 0.135654 0.128206 0.128206 0.135654 1 0.135654 0.128206 0.128206 0.135654 
0.135654 0.145198 0.135654 0.128206 0.128206 0.135654 0.145198 0.149706 0.128206 0.128206 0.135654 0.145198 0.135654 0.128206 0.128206 0.135654 0.145198 0.135654 0.136922 0.128206 0.135654 0.145198 0.135654 0.128206 0.128206 0.135654 0.145198 0.135654 0.128206 0.136922 0.135654 0.145198 0.135654 0.128206 0.128206 0.135654 0.145198 0.135654 0.128206 0.128206 0.149706 0.145198 0.135654 0.128206 0.128206 0.135654 0.145198 0.135654 0.128206 0.128206 0.135654 1 0.135654 0.128206 0.128206 
0.128206 0.135654 0.145198 0.135654 0.128206 0.128206 0.135654 0.145198 0.149706 0.128206 0.128206 0.135654 0.145198 0.135654 0.128206 0.128206 0.135654 0.145198 0.135654 0.136922 0.128206 0.135654 0.145198 0.135654 0.128206 0.128206 0.135654 0.145198 0.135654 0.128206 0.136922 0.135654 0.145198 0.135654 0.128206 0.128206 0.135654 0.145198 0.135654 0.128206 0.128206 0.149706 0.145198 0.135654 0.128206 0.128206 0.135654 0.145198 0.135654 0.128206 0.128206 0.135654 1 0.135654 0.128206 
0.128206 0.128206 0.135654 0.145198 0.135654 0.128206 0.128206 0.135654 0.145198 0.149706 0.128206 0.128206 0.135654 0.145198 0.135654 0.128206 0.128206 0.135654 0.145198 0.135654 0.136922 0.128206 0.135654 0.145198 0.135654 0.128206 0.128206 0.135654 0.145198 0.135654 0.128206 0.136922 0.135654 0.145198 0.135654 0.128206 0.128206 0.135654 0.145198 0.135654 0.128206 0.128206 0.149706 0.145198 0.135654 0.128206 0.128206 0.135654 0.145198 0.135654 0.128206 0.128206 0.135654 1 0.135654 
0.135654 0.128206 0.128206 0.135654 0.145198 0.135654 0.128206 0.128206 0.135654 0.145198 0.149706 0.128206 0.128206 0.135654 0.145198 0.135654 0.128206 0.128206 0.135654 0.145198 0.135654 0.136922 0.128206 0.135654 0.145198 0.135654 0.128206 0.128206 0.135654 0.145198 0.135654 0.128206 0.136922 0.135654 0.145198 0.135654 0.128206 0.128206 0.135654 0.145198 0.135654 0.128206 0.128206 0.149706 0.145198 0.135654 0.128206 0.128206 0.135654 0.145198 0.135654 0.128206 0.128206 0.135654 1 
