150 2550
0 1
0 149
0 146
0 145
0 6
0 7
0 143
0 8
0 142
0 141
0 11
0 139
0 12
0 13
0 137
0 14
0 136
0 15
0 135
0 16
0 134
0 17
0 133
0 115
0 21
0 88
0 74
0 83
0 65
0 5
0 46
0 69
0 109
1 2
1 3
1 4
1 148
1 5
1 147
1 6
1 146
1 7
1 145
1 8
1 144
1 9
1 143
1 10
1 142
1 11
1 140
1 13
1 14
1 138
1 15
1 137
1 16
1 136
1 17
1 135
1 18
1 134
1 123
1 83
1 38
1 95
1 31
1 42
1 68
2 4
2 148
2 7
2 147
2 8
2 146
2 9
2 145
2 11
2 143
2 142
2 13
2 141
2 14
2 140
2 15
2 139
2 16
2 137
2 129
2 130
2 42
2 109
2 23
2 30
2 29
2 125
2 36
2 76
2 95
2 79
2 136
3 4
3 5
3 6
3 7
3 149
3 8
3 148
3 12
3 144
3 143
3 15
3 141
3 139
3 138
3 19
3 137
3 20
3 136
3 87
3 120
3 60
3 83
3 72
3 94
3 98
3 36
3 13
3 62
3 124
3 125
4 6
4 7
4 9
4 149
4 148
4 147
4 12
4 146
4 13
4 145
4 14
4 144
4 15
4 143
4 142
4 17
4 141
4 18
4 140
4 19
4 139
4 21
4 137
4 136
4 135
4 110
4 42
4 70
4 55
4 54
4 52
4 127
4 35
4 38
5 6
5 7
5 8
5 9
5 10
5 149
5 148
5 14
5 146
5 15
5 145
5 16
5 144
5 17
5 18
5 142
5 19
5 141
5 140
5 21
5 139
5 22
5 138
5 64
5 88
5 39
5 97
5 99
5 102
5 74
5 120
5 75
6 7
6 8
6 9
6 10
6 11
6 12
6 13
6 149
6 14
6 15
6 16
6 146
6 17
6 18
6 144
6 19
6 143
6 20
6 142
6 21
6 141
6 22
6 140
6 23
6 139
6 52
6 81
6 94
6 120
6 106
6 55
7 8
7 9
7 10
7 11
7 13
7 14
7 15
7 149
7 16
7 18
7 146
7 19
7 145
7 20
7 21
7 143
7 22
7 23
7 140
7 78
7 122
7 60
7 93
7 98
8 9
8 10
8 11
8 12
8 14
8 15
8 16
8 17
8 149
8 18
8 148
8 19
8 20
8 146
8 21
8 22
8 144
8 23
8 142
8 25
8 141
8 98
8 58
8 112
8 128
8 140
8 80
9 10
9 12
9 13
9 14
9 15
9 16
9 17
9 18
9 149
9 20
9 21
9 22
9 146
9 23
9 145
9 144
9 25
9 142
9 59
9 35
9 84
9 61
9 45
9 63
9 136
9 71
10 11
10 12
10 13
10 14
10 15
10 17
10 19
10 20
10 21
10 149
10 22
10 148
10 23
10 147
10 24
10 146
10 25
10 145
10 26
10 27
10 40
10 70
10 79
10 142
10 139
10 73
10 118
10 86
10 46
11 16
11 17
11 18
11 19
11 20
11 22
11 23
11 149
11 24
11 25
11 26
11 146
11 27
11 145
11 28
11 144
11 49
11 70
11 133
11 43
11 41
11 77
11 143
11 75
11 81
11 51
12 15
12 16
12 18
12 19
12 21
12 22
12 23
12 24
12 25
12 149
12 26
12 148
12 27
12 147
12 145
12 45
12 139
12 123
12 31
12 127
12 122
12 130
12 80
12 17
13 14
13 16
13 17
13 18
13 19
13 20
13 21
13 22
13 25
13 27
13 149
13 28
13 148
13 29
13 147
13 30
13 146
13 107
13 65
13 58
13 133
13 137
13 91
13 94
13 119
13 46
13 41
13 113
13 43
14 15
14 16
14 17
14 18
14 19
14 20
14 22
14 24
14 25
14 26
14 28
14 149
14 147
14 94
14 69
14 34
14 123
14 103
14 113
14 54
14 143
15 17
15 18
15 19
15 20
15 21
15 22
15 23
15 24
15 25
15 26
15 27
15 29
15 30
15 31
15 149
15 32
15 113
15 127
15 106
15 138
15 64
15 97
15 69
15 37
15 53
16 17
16 19
16 20
16 21
16 23
16 25
16 26
16 27
16 28
16 29
16 30
16 31
16 32
16 33
16 149
16 75
16 114
16 47
16 79
16 87
16 55
16 96
17 18
17 19
17 20
17 22
17 27
17 28
17 29
17 30
17 31
17 33
17 140
17 119
17 108
17 102
17 66
17 99
17 71
17 95
17 78
18 20
18 21
18 22
18 23
18 24
18 25
18 26
18 28
18 29
18 30
18 31
18 32
18 34
18 35
18 36
18 120
18 111
18 135
18 97
18 133
18 90
19 20
19 21
19 24
19 25
19 26
19 27
19 28
19 29
19 31
19 32
19 33
19 34
19 35
19 36
19 42
19 117
19 37
19 38
19 48
19 50
20 22
20 23
20 24
20 25
20 28
20 30
20 31
20 32
20 33
20 34
20 35
20 37
20 103
20 59
20 129
20 57
20 72
20 114
20 122
21 22
21 24
21 25
21 27
21 28
21 29
21 31
21 32
21 33
21 34
21 35
21 36
21 38
21 121
21 56
21 112
21 77
21 90
21 75
21 134
22 23
22 24
22 25
22 26
22 27
22 28
22 29
22 30
22 31
22 32
22 33
22 34
22 35
22 36
22 37
22 39
22 45
22 145
22 131
22 105
22 110
23 24
23 28
23 29
23 30
23 31
23 33
23 34
23 36
23 37
23 39
23 40
23 123
23 124
23 61
23 51
23 137
23 135
23 80
23 56
23 126
23 64
24 29
24 30
24 32
24 33
24 37
24 38
24 40
24 82
24 84
24 88
24 135
24 73
24 56
24 75
24 92
24 45
24 81
24 118
24 131
24 26
25 26
25 27
25 28
25 30
25 31
25 32
25 33
25 35
25 36
25 37
25 38
25 39
25 40
25 42
25 104
25 45
25 121
25 55
25 91
25 102
26 27
26 28
26 29
26 30
26 31
26 32
26 33
26 34
26 35
26 37
26 38
26 39
26 40
26 41
26 42
26 43
26 56
26 97
26 115
26 69
26 84
27 28
27 29
27 30
27 31
27 32
27 33
27 35
27 37
27 38
27 39
27 40
27 41
27 43
27 44
27 109
27 89
27 55
27 139
27 91
27 138
27 118
28 29
28 30
28 32
28 33
28 35
28 36
28 37
28 38
28 39
28 40
28 41
28 42
28 43
28 44
28 45
28 124
28 115
28 113
29 30
29 31
29 32
29 33
29 34
29 35
29 36
29 37
29 38
29 39
29 40
29 41
29 42
29 43
29 44
29 46
29 102
30 31
30 32
30 33
30 34
30 35
30 37
30 38
30 39
30 40
30 41
30 42
30 43
30 44
30 46
30 47
30 52
30 90
30 128
31 34
31 35
31 36
31 39
31 41
31 42
31 44
31 46
31 47
31 110
31 113
31 83
31 87
31 119
31 86
31 120
31 64
31 90
31 136
31 100
31 73
31 68
32 33
32 34
32 36
32 37
32 38
32 39
32 40
32 41
32 42
32 44
32 45
32 46
32 47
32 48
32 49
32 69
32 63
32 60
32 139
32 148
33 34
33 35
33 36
33 38
33 39
33 41
33 42
33 43
33 44
33 45
33 46
33 48
33 102
33 147
33 72
33 131
33 88
33 126
33 108
34 37
34 38
34 39
34 40
34 41
34 42
34 43
34 44
34 45
34 46
34 48
34 50
34 83
34 61
34 81
34 107
34 114
34 85
34 128
34 73
35 37
35 38
35 40
35 43
35 44
35 45
35 46
35 47
35 48
35 50
35 52
35 78
35 59
35 134
35 89
35 109
35 53
35 103
35 148
35 138
35 74
35 143
36 37
36 38
36 39
36 40
36 41
36 42
36 43
36 44
36 45
36 46
36 47
36 49
36 50
36 51
36 52
36 74
36 92
36 105
36 75
36 144
36 126
36 103
37 40
37 41
37 42
37 43
37 45
37 46
37 47
37 48
37 49
37 51
37 53
37 144
37 99
37 106
37 38
37 69
37 100
38 39
38 40
38 42
38 43
38 45
38 46
38 47
38 48
38 49
38 50
38 51
38 52
38 53
38 55
38 87
38 135
38 141
38 94
38 100
38 91
39 41
39 42
39 43
39 44
39 46
39 47
39 48
39 49
39 50
39 51
39 52
39 54
39 75
39 97
39 86
39 135
39 111
39 109
40 43
40 45
40 48
40 49
40 50
40 51
40 52
40 53
40 54
40 55
40 56
40 79
40 99
40 91
40 67
40 69
40 129
40 122
40 74
40 76
41 42
41 43
41 44
41 45
41 46
41 47
41 48
41 49
41 50
41 51
41 52
41 54
41 55
41 57
41 58
41 145
41 91
41 85
41 111
41 148
42 48
42 49
42 50
42 51
42 52
42 53
42 54
42 55
42 57
42 58
42 59
42 138
42 74
42 68
42 43
42 61
42 132
42 136
42 128
42 101
42 91
42 119
42 108
42 78
43 45
43 47
43 48
43 49
43 50
43 51
43 52
43 53
43 54
43 55
43 56
43 57
43 59
43 60
43 110
43 104
43 64
43 127
43 147
43 107
44 45
44 46
44 47
44 48
44 49
44 50
44 52
44 53
44 54
44 55
44 56
44 57
44 59
44 60
44 143
44 90
44 134
44 80
44 98
44 144
44 103
45 47
45 49
45 50
45 51
45 52
45 53
45 54
45 55
45 56
45 57
45 59
45 60
45 61
45 62
45 147
45 78
45 114
46 48
46 50
46 51
46 52
46 53
46 54
46 55
46 56
46 57
46 59
46 61
46 62
46 111
46 123
46 47
46 138
47 48
47 49
47 51
47 52
47 54
47 56
47 57
47 58
47 59
47 60
47 61
47 62
47 63
47 64
47 85
47 95
47 140
47 136
47 133
47 97
47 98
48 51
48 52
48 53
48 54
48 55
48 56
48 62
48 63
48 64
48 65
48 81
48 102
48 116
48 142
48 104
48 50
48 92
48 95
49 51
49 52
49 53
49 55
49 57
49 59
49 60
49 61
49 63
49 64
49 65
49 66
49 83
49 132
49 110
49 119
49 129
49 115
49 126
49 68
49 135
50 51
50 52
50 53
50 54
50 55
50 56
50 58
50 59
50 61
50 62
50 64
50 65
50 66
50 67
50 99
50 98
50 120
50 91
51 52
51 53
51 56
51 60
51 61
51 62
51 63
51 64
51 65
51 66
51 67
51 149
51 135
51 142
51 114
51 126
51 136
52 54
52 55
52 56
52 57
52 58
52 60
52 61
52 62
52 63
52 65
52 67
52 68
52 69
52 80
52 140
52 74
52 101
52 95
53 55
53 57
53 59
53 60
53 62
53 63
53 64
53 65
53 66
53 67
53 68
53 69
53 120
53 115
53 111
53 79
53 102
54 56
54 57
54 58
54 59
54 60
54 61
54 63
54 69
54 71
54 130
54 115
54 124
54 102
54 138
54 94
54 90
54 112
54 99
54 127
55 56
55 57
55 58
55 60
55 61
55 62
55 64
55 65
55 67
55 69
55 70
55 72
55 91
55 90
55 109
55 129
56 58
56 59
56 63
56 65
56 66
56 67
56 68
56 70
56 71
56 72
56 73
56 126
56 109
56 105
56 141
56 94
57 58
57 59
57 60
57 61
57 62
57 63
57 64
57 66
57 67
57 69
57 70
57 72
57 74
57 86
57 92
57 88
57 94
57 145
57 65
57 104
57 77
57 84
58 59
58 61
58 63
58 64
58 65
58 66
58 67
58 68
58 69
58 70
58 71
58 72
58 74
58 83
58 85
58 117
58 106
59 60
59 61
59 62
59 63
59 64
59 67
59 68
59 69
59 70
59 71
59 72
59 73
59 74
59 76
59 78
59 141
59 87
59 110
59 111
60 61
60 62
60 64
60 65
60 66
60 68
60 69
60 70
60 72
60 74
60 75
60 76
60 77
60 134
60 78
60 135
60 92
60 131
61 63
61 65
61 66
61 67
61 68
61 69
61 70
61 71
61 73
61 74
61 76
61 77
61 78
61 98
61 138
61 100
61 91
61 108
61 79
61 88
61 80
61 90
62 63
62 64
62 66
62 67
62 68
62 69
62 70
62 71
62 72
62 73
62 74
62 75
62 76
62 77
62 79
62 138
62 122
62 87
62 65
62 96
62 140
62 124
62 129
63 64
63 65
63 66
63 67
63 68
63 69
63 70
63 71
63 72
63 73
63 74
63 75
63 76
63 77
63 78
63 79
63 80
63 90
63 97
63 129
63 110
63 113
64 66
64 67
64 68
64 70
64 71
64 72
64 73
64 74
64 75
64 76
64 77
64 78
64 79
64 81
64 103
64 101
65 68
65 69
65 70
65 72
65 73
65 75
65 76
65 77
65 78
65 80
65 81
65 137
65 101
65 86
65 108
65 85
66 67
66 68
66 71
66 72
66 74
66 75
66 76
66 77
66 78
66 79
66 80
66 81
66 82
66 83
66 125
66 114
66 104
66 148
66 142
67 68
67 69
67 70
67 71
67 72
67 74
67 75
67 76
67 77
67 78
67 79
67 80
67 81
67 82
67 84
67 147
67 143
67 118
67 132
68 69
68 71
68 72
68 73
68 74
68 76
68 77
68 78
68 79
68 80
68 81
68 84
68 93
68 117
68 130
68 133
68 99
69 70
69 72
69 73
69 78
69 79
69 80
69 81
69 83
69 84
69 86
69 112
69 148
69 110
69 93
69 118
69 94
69 127
70 72
70 73
70 74
70 75
70 76
70 77
70 78
70 80
70 81
70 82
70 83
70 85
70 86
70 87
70 110
70 139
70 142
70 88
70 137
71 73
71 74
71 75
71 77
71 80
71 82
71 84
71 86
71 87
71 88
71 120
71 128
71 97
71 112
71 138
71 113
71 136
71 142
71 102
71 116
72 73
72 74
72 75
72 76
72 77
72 78
72 79
72 81
72 85
72 86
72 87
72 88
72 89
72 142
72 105
72 113
72 120
73 74
73 75
73 76
73 77
73 79
73 81
73 82
73 83
73 84
73 86
73 87
73 88
73 89
73 90
73 122
73 106
73 141
73 134
73 149
73 105
74 75
74 76
74 78
74 79
74 81
74 83
74 85
74 87
74 89
74 90
74 91
74 122
74 137
74 131
75 76
75 77
75 78
75 79
75 80
75 81
75 83
75 84
75 85
75 86
75 87
75 88
75 92
75 114
75 134
75 124
75 82
76 77
76 78
76 79
76 80
76 81
76 82
76 83
76 84
76 85
76 86
76 87
76 88
76 89
76 91
76 92
76 93
76 128
77 78
77 79
77 80
77 81
77 83
77 84
77 85
77 86
77 87
77 88
77 89
77 90
77 91
77 92
77 93
77 94
77 114
77 109
77 110
78 79
78 82
78 83
78 84
78 85
78 86
78 87
78 88
78 89
78 90
78 91
78 92
78 93
78 95
78 133
79 80
79 82
79 83
79 84
79 85
79 88
79 89
79 90
79 91
79 94
79 95
79 96
79 145
79 109
79 147
79 120
79 121
79 124
80 81
80 82
80 84
80 85
80 86
80 87
80 88
80 89
80 90
80 91
80 93
80 95
80 97
80 109
80 125
80 126
81 82
81 85
81 86
81 87
81 88
81 89
81 90
81 92
81 93
81 94
81 95
81 96
81 97
81 98
81 147
82 83
82 84
82 85
82 87
82 88
82 89
82 91
82 92
82 93
82 94
82 95
82 96
82 97
82 98
82 99
82 117
82 115
82 134
83 84
83 85
83 86
83 87
83 88
83 89
83 91
83 93
83 94
83 95
83 96
83 97
83 98
83 99
83 100
83 146
84 85
84 88
84 89
84 90
84 91
84 92
84 94
84 95
84 97
84 99
84 100
84 101
84 106
84 145
84 138
84 144
84 112
85 86
85 89
85 91
85 92
85 93
85 94
85 95
85 96
85 99
85 100
85 102
85 129
85 142
85 128
85 108
85 130
85 139
86 87
86 88
86 89
86 92
86 94
86 95
86 96
86 97
86 100
86 101
86 102
86 103
86 149
86 140
86 147
87 88
87 89
87 90
87 91
87 93
87 95
87 96
87 97
87 99
87 100
87 101
87 102
87 103
87 104
87 144
87 127
88 89
88 90
88 91
88 92
88 93
88 94
88 95
88 96
88 97
88 98
88 99
88 100
88 102
88 103
88 104
88 105
88 139
88 108
88 109
89 90
89 91
89 92
89 94
89 95
89 98
89 100
89 101
89 103
89 104
89 105
89 106
89 114
89 116
89 112
89 120
89 131
89 122
89 143
90 91
90 93
90 94
90 96
90 100
90 101
90 103
90 104
90 106
90 131
90 92
90 128
91 92
91 93
91 96
91 97
91 99
91 100
91 101
91 104
91 106
91 107
91 149
91 145
92 94
92 95
92 96
92 100
92 101
92 103
92 104
92 105
92 106
92 107
92 108
92 109
92 113
92 128
92 147
93 94
93 95
93 96
93 97
93 98
93 100
93 102
93 103
93 104
93 105
93 106
93 107
93 108
93 110
93 132
94 95
94 96
94 97
94 98
94 99
94 101
94 103
94 105
94 107
94 108
94 110
94 138
95 96
95 97
95 98
95 99
95 100
95 101
95 102
95 103
95 104
95 105
95 106
95 108
95 109
95 110
95 111
96 97
96 98
96 99
96 100
96 101
96 103
96 106
96 107
96 108
96 110
96 111
96 112
96 113
96 147
96 115
96 124
97 98
97 99
97 101
97 104
97 105
97 107
97 108
97 109
97 113
97 114
97 145
97 102
97 141
98 100
98 101
98 102
98 103
98 104
98 105
98 106
98 107
98 108
98 109
98 110
98 111
98 112
98 113
98 115
98 121
98 126
99 101
99 102
99 103
99 104
99 107
99 108
99 109
99 110
99 112
99 114
99 115
99 116
99 139
99 149
99 122
99 126
99 120
100 102
100 103
100 104
100 105
100 106
100 108
100 109
100 110
100 111
100 112
100 113
100 115
100 117
100 148
101 103
101 104
101 105
101 106
101 108
101 109
101 110
101 111
101 112
101 113
101 114
101 115
101 117
101 118
102 103
102 104
102 105
102 106
102 107
102 108
102 111
102 113
102 115
102 116
102 119
102 132
102 134
102 130
103 104
103 105
103 106
103 107
103 109
103 110
103 112
103 113
103 114
103 115
103 116
103 117
103 118
103 119
103 120
104 105
104 108
104 109
104 110
104 111
104 112
104 114
104 116
104 117
104 118
104 119
104 121
104 131
104 123
104 129
105 106
105 107
105 108
105 109
105 110
105 112
105 114
105 116
105 117
105 118
105 119
105 120
105 121
105 147
105 140
106 107
106 108
106 110
106 112
106 113
106 114
106 115
106 116
106 117
106 118
106 119
106 121
106 122
106 111
107 109
107 110
107 111
107 112
107 113
107 114
107 116
107 117
107 118
107 120
107 121
107 122
107 123
107 124
107 138
107 135
107 128
108 109
108 110
108 112
108 113
108 114
108 115
108 117
108 118
108 121
108 122
108 123
108 124
108 125
108 144
108 132
109 110
109 111
109 118
109 119
109 120
109 122
109 125
109 126
109 130
109 149
109 147
109 148
110 111
110 112
110 113
110 114
110 115
110 116
110 118
110 120
110 121
110 122
110 123
110 124
110 125
111 112
111 113
111 114
111 116
111 117
111 118
111 119
111 120
111 121
111 122
111 123
111 124
111 127
111 130
111 147
111 148
112 113
112 115
112 116
112 118
112 119
112 121
112 123
112 124
112 125
112 126
112 128
112 129
112 142
113 115
113 116
113 117
113 118
113 119
113 120
113 121
113 122
113 123
113 124
113 125
113 128
113 129
113 130
114 117
114 120
114 122
114 123
114 124
114 125
114 126
114 128
114 129
114 131
115 118
115 119
115 123
115 124
115 126
115 127
115 128
115 129
115 130
115 131
115 132
116 117
116 119
116 120
116 121
116 123
116 125
116 126
116 127
116 128
116 130
116 131
116 132
116 133
116 140
116 148
116 122
117 118
117 119
117 120
117 121
117 122
117 123
117 124
117 125
117 126
117 127
117 128
117 129
117 131
117 132
117 134
117 142
117 138
117 136
118 119
118 120
118 121
118 122
118 123
118 124
118 125
118 126
118 127
118 128
118 129
118 130
118 131
118 134
118 135
118 141
118 137
118 138
119 120
119 121
119 122
119 123
119 124
119 125
119 127
119 128
119 129
119 130
119 131
119 132
119 133
119 134
119 135
119 136
119 143
120 122
120 123
120 124
120 125
120 126
120 130
120 131
120 133
120 135
120 136
120 137
120 144
120 149
120 143
121 122
121 123
121 124
121 125
121 126
121 128
121 129
121 130
121 131
121 132
121 133
121 134
121 135
121 137
121 138
121 146
121 148
122 126
122 127
122 129
122 131
122 132
122 133
122 134
122 139
122 142
123 124
123 126
123 127
123 128
123 130
123 131
123 133
123 134
123 135
123 136
123 137
123 138
123 139
123 140
124 125
124 127
124 128
124 129
124 130
124 131
124 132
124 133
124 134
124 135
124 137
124 139
124 141
125 126
125 127
125 128
125 129
125 130
125 131
125 132
125 134
125 135
125 136
125 137
125 138
125 139
125 140
125 141
126 127
126 128
126 129
126 130
126 131
126 132
126 133
126 137
126 138
126 140
126 141
126 134
127 129
127 130
127 132
127 133
127 134
127 135
127 136
127 138
127 139
127 140
127 141
127 143
127 146
128 129
128 130
128 131
128 132
128 133
128 134
128 136
128 137
128 138
128 140
128 144
128 146
129 130
129 131
129 132
129 134
129 136
129 139
129 140
129 141
129 142
129 143
129 144
129 145
129 146
129 148
130 131
130 132
130 133
130 134
130 135
130 136
130 137
130 138
130 139
130 140
130 142
130 145
130 146
131 132
131 135
131 136
131 137
131 138
131 139
131 140
131 141
131 144
131 146
131 148
131 133
132 133
132 134
132 136
132 137
132 138
132 139
132 140
132 141
132 142
132 143
132 144
132 145
132 146
132 147
132 148
132 149
133 134
133 136
133 137
133 139
133 140
133 142
133 143
133 145
133 146
133 148
133 149
133 138
134 135
134 136
134 137
134 138
134 139
134 140
134 141
134 143
134 145
134 146
134 148
134 149
135 136
135 137
135 141
135 142
135 144
135 146
135 147
135 148
135 149
136 137
136 138
136 139
136 140
136 141
136 142
136 143
136 145
136 146
136 148
136 149
137 138
137 139
137 140
137 141
137 144
137 146
137 147
137 148
137 149
138 139
138 140
138 141
138 145
138 149
139 142
139 143
139 145
139 147
139 148
139 149
140 141
140 142
140 144
140 145
140 147
140 148
140 149
141 142
141 143
141 144
141 146
141 147
141 148
142 143
142 147
142 148
142 149
143 145
143 146
143 147
143 144
144 147
144 149
144 146
145 146
145 148
146 147
146 148
147 149
148 149
