2500 3000
0 1513
1 1397
1 106
2 7
4 1597
5 1299
6 339
6 1088
6 2398
8 2147
11 1016
11 1114
11 1447
12 1626
13 1150
13 1321
13 2191
13 2212
13 2364
14 1436
15 2060
16 37
18 1012
18 2362
19 997
19 330
19 2382
21 1621
24 1951
26 1452
26 2335
29 1084
30 2485
31 2292
32 1038
32 376
33 1561
34 2286
34 2487
35 578
35 1160
35 335
37 922
41 1385
42 517
42 98
43 1964
44 1977
45 220
46 516
46 1551
46 1566
48 264
51 959
51 1822
51 607
52 1807
52 1206
54 651
54 941
55 1062
57 872
58 1268
58 631
58 220
59 2067
60 2035
61 1631
62 23
63 376
64 2271
66 311
66 1940
67 2360
69 2497
69 992
70 1074
71 2230
72 1872
73 1164
73 370
75 759
76 1841
76 725
77 1760
77 1215
78 2021
78 1013
79 1493
81 216
81 711
82 1061
82 26
82 597
83 477
84 1834
85 1622
85 1598
86 472
87 1274
87 1996
88 1623
91 1641
92 825
92 508
94 53
94 2035
96 1679
97 2413
97 265
97 2372
98 438
99 66
100 2405
100 674
100 2268
101 1679
103 1918
103 1604
104 623
106 894
106 467
106 2495
108 264
109 953
109 2142
112 2493
112 578
114 835
115 2117
115 74
116 1505
116 68
116 1930
119 2178
120 2114
120 39
121 991
121 2293
122 1217
125 1738
127 1988
131 2153
131 2225
133 389
133 2249
135 1346
135 2148
137 1539
140 779
141 1295
141 921
142 1838
143 299
143 31
144 1745
145 1224
146 166
146 2399
148 44
148 420
148 1738
149 1845
151 2135
151 2073
152 207
153 333
153 680
154 263
155 2461
155 2027
157 236
157 2204
157 519
160 274
160 1576
160 513
161 2002
162 185
162 157
162 2250
163 2473
163 1633
164 2040
166 192
166 546
167 2218
168 516
168 1871
170 1496
172 1043
172 1925
172 665
172 1622
174 1210
178 522
182 2292
182 993
182 1584
182 247
184 713
185 1274
186 1172
187 1085
187 53
187 1900
188 2274
190 1567
191 2428
193 310
194 604
195 561
198 1794
199 462
199 1088
199 843
200 1891
201 1355
201 954
203 750
203 562
203 2057
205 1942
208 2417
208 2092
208 2305
209 2234
209 1232
210 1793
210 349
211 809
214 1328
214 1572
216 1480
217 66
218 2235
219 2486
219 1266
222 325
223 1079
223 1563
225 505
225 900
227 1128
228 1886
228 280
230 609
232 1753
233 1753
233 1221
233 1216
233 1993
234 1218
234 945
234 2335
235 141
236 1846
239 2448
240 2267
240 432
242 1680
244 1665
245 511
245 1702
246 945
248 1792
250 1653
251 1234
251 618
253 1916
253 841
255 1343
256 2391
256 2491
258 339
258 2104
258 2112
258 1229
259 2370
261 2336
261 2053
262 1063
262 1495
263 1973
263 222
267 799
268 886
269 1555
270 953
271 2021
272 1920
273 2209
275 120
275 2485
276 259
277 1893
278 690
278 1757
278 859
278 1081
279 1874
280 1787
280 1009
280 815
283 431
284 1972
284 627
286 2388
286 1543
288 370
289 944
291 819
291 2389
291 890
291 1851
292 1030
292 1119
292 1748
295 1956
297 2065
298 870
298 283
299 248
300 1836
301 2011
301 1634
302 234
302 961
302 1066
302 320
302 2092
304 966
305 2220
306 180
307 349
307 2278
308 2020
310 1950
310 756
310 1886
312 1155
313 1795
314 193
314 1258
314 2097
316 1323
316 171
316 2221
319 2038
320 523
320 987
321 1284
321 688
321 2316
323 2152
324 442
324 322
325 2093
326 1793
327 1989
328 1972
329 1366
329 1407
330 1818
331 782
332 2061
334 1050
334 2415
334 1934
335 915
335 191
336 213
336 96
338 2303
338 858
340 503
340 574
341 2163
342 238
342 1700
342 1765
342 1287
342 2395
343 1128
343 651
344 36
344 1253
345 2488
346 559
346 558
346 751
347 1987
347 1751
347 815
348 101
348 691
348 283
351 936
351 259
354 1408
354 1088
356 1667
357 2086
358 1136
358 399
358 1580
359 1974
361 2177
361 851
363 1714
364 2416
364 1855
364 894
364 2248
365 191
365 433
366 1700
368 1674
368 2460
368 2366
371 1550
373 1546
373 96
374 729
375 2431
376 450
376 1809
377 422
377 2230
377 661
377 1898
377 111
378 624
382 1689
382 1942
383 2094
383 215
384 1712
385 1493
386 631
388 1925
388 1783
388 1921
389 305
389 117
389 1718
390 1181
392 2479
394 1860
394 1288
395 32
395 1701
396 1004
396 2060
396 381
397 2363
398 2231
399 512
399 1842
399 1309
400 2494
400 1461
401 1907
401 2024
401 1352
403 620
403 372
404 1570
405 164
405 290
406 2339
407 1966
408 1258
409 361
411 1715
416 20
416 2301
419 1357
419 471
419 2242
419 1425
420 948
421 1715
422 596
423 1070
424 2403
425 748
425 2146
425 904
426 1293
426 1153
426 2380
429 1880
429 1013
433 2299
433 1686
436 1969
437 1173
437 1110
437 2421
438 759
438 624
438 2446
442 1508
442 2269
442 783
443 1801
444 667
444 447
445 1141
446 1846
446 2124
447 612
449 1763
449 492
449 693
452 36
453 1625
454 576
454 1515
454 626
455 557
455 1434
455 1576
455 1530
456 2276
456 1585
458 2321
458 1505
458 508
459 460
459 1895
459 610
460 1406
460 1313
462 270
463 1016
463 661
464 2124
464 1147
466 2129
466 1088
466 2173
467 1526
468 1202
468 1544
468 596
469 438
472 437
472 1061
473 655
474 217
476 2407
477 1660
478 1131
478 1482
479 1646
481 970
482 1072
482 810
485 2000
486 479
488 2068
490 1056
491 1073
492 176
492 248
495 1456
495 2054
496 1350
499 2366
499 1278
500 1603
500 1070
500 494
503 1979
504 1228
506 1092
506 2318
507 2400
507 1373
508 476
508 2442
511 783
513 193
513 808
513 1187
514 388
514 961
514 20
515 1215
516 1681
517 1186
517 217
518 2498
518 1504
519 1099
520 1056
521 1157
522 1465
523 1380
523 1632
524 880
526 541
527 1828
527 543
527 2459
528 81
528 666
529 1700
531 1584
531 298
532 433
533 1835
534 780
534 1855
534 2385
535 75
536 1037
536 190
538 1949
538 2114
539 591
539 1350
540 1979
542 429
543 1516
544 804
547 719
550 530
551 1782
553 1020
553 945
554 1673
554 580
555 1994
555 1872
555 1783
557 1438
557 142
558 477
558 346
558 1784
561 1683
561 898
562 522
562 107
562 49
563 916
563 2200
564 1573
565 1258
565 1027
565 615
566 357
567 2283
568 1288
569 1158
569 2344
569 1184
570 1730
571 1592
572 1012
574 1092
576 1260
581 927
582 1560
582 0
583 2125
584 2027
584 211
586 2432
586 2407
586 308
587 1629
587 1219
589 1406
590 63
591 2142
593 1870
593 2338
594 474
594 2019
596 336
596 814
597 1376
597 402
597 1824
598 1759
598 222
599 1217
599 435
599 1701
601 2460
601 1722
601 896
602 2204
605 1701
605 492
606 1342
606 2321
607 1421
607 268
607 116
607 1640
608 1532
608 118
611 10
611 274
611 220
611 1882
612 1615
612 1349
613 662
616 1354
617 2249
619 1160
619 1206
620 35
621 1044
622 856
622 879
625 893
626 2005
626 460
626 1875
626 2193
626 2283
626 40
626 1493
627 983
628 399
628 2324
630 2418
631 586
633 1397
634 1045
635 267
635 2283
636 376
636 2048
636 2458
637 189
637 501
637 2189
638 9
639 1457
639 99
639 2108
639 128
639 1612
639 341
640 893
640 2391
641 86
642 1139
642 2314
642 1864
645 540
645 833
646 1708
648 1430
649 1793
649 2107
652 2058
653 711
655 968
655 1101
655 521
657 1404
658 2199
658 1454
661 2259
662 2124
662 903
663 1394
663 1645
664 698
665 2139
666 1558
666 220
668 1147
668 310
668 1494
668 2220
669 2464
670 49
670 227
671 123
672 2482
672 1906
673 2197
673 857
674 1672
674 340
675 2077
675 912
677 708
677 477
678 652
679 817
680 642
682 175
682 248
682 1937
683 1392
684 1090
684 159
684 1069
685 795
685 349
685 1232
685 1365
687 1056
687 1028
688 396
689 969
690 2012
690 828
690 630
692 1420
692 1186
693 375
695 1843
697 2081
697 1792
697 420
697 809
698 1529
698 1824
698 161
701 1702
701 1837
702 2406
704 809
704 1453
704 2021
705 1484
707 896
709 1123
709 2133
710 691
712 2351
712 389
713 620
713 170
714 1340
715 2460
715 2496
715 1235
715 850
716 1410
716 1206
716 885
719 2252
719 2057
720 1111
720 1790
721 2004
721 1243
723 126
726 2120
728 442
728 2353
728 788
728 433
730 506
731 720
732 1260
733 1936
734 2475
734 73
735 1434
735 1424
739 980
740 2387
742 1482
743 539
743 2440
743 1415
744 1706
744 866
746 1842
746 419
746 736
747 894
747 2097
749 2485
750 1034
751 948
756 1192
757 2265
758 84
758 1541
760 2097
760 677
761 807
761 888
761 637
762 1205
762 2024
764 130
764 1471
764 1486
765 2039
767 1488
768 1508
769 876
769 510
771 1496
772 1639
772 1486
772 333
773 740
774 209
774 1370
774 467
775 797
775 1880
776 927
778 2172
780 2226
781 743
782 1019
783 1784
784 942
784 2
785 702
785 530
786 688
786 1323
788 1822
789 2022
790 2157
790 1315
791 2286
791 2239
792 1475
797 834
797 2218
797 365
797 893
799 596
799 44
799 2394
800 600
800 1768
801 1618
802 2345
802 716
803 1250
804 1822
806 381
806 2391
806 641
807 328
808 2402
808 94
809 1306
809 1605
809 859
809 1841
809 1058
810 2475
810 1048
810 750
811 383
811 2144
812 480
812 510
813 1942
813 739
814 2029
816 1212
817 828
817 1852
818 19
818 1644
819 1684
819 297
820 533
822 892
824 1405
824 2344
825 1022
827 1120
829 1148
831 2178
831 650
831 2002
831 163
831 755
831 577
832 1853
832 840
833 693
834 782
838 659
838 427
839 1078
842 1601
843 1547
843 1585
843 119
844 483
845 1889
847 1337
847 481
848 409
848 2064
850 2446
850 1885
851 2251
851 1639
852 1550
852 2497
854 56
856 1062
860 1105
861 1276
862 2493
862 278
864 2075
866 1270
867 843
867 352
871 1314
872 1825
872 2028
873 398
873 1295
874 2116
874 1498
875 1295
875 2180
875 396
877 667
882 142
886 1239
887 2400
888 1027
888 618
890 2381
892 840
894 1098
895 628
896 1492
897 790
900 1178
903 1032
903 1038
903 209
904 952
904 409
906 2450
913 2048
914 618
914 858
915 1082
915 69
915 1446
918 1944
919 1140
920 1329
920 2445
922 2392
922 857
925 574
925 674
925 1769
925 1291
930 1280
932 805
933 193
933 2218
933 1136
935 2084
935 2368
935 2382
936 179
936 2069
937 1276
937 304
938 1843
938 1426
938 1869
939 1015
939 440
940 2352
941 1722
943 1557
943 2275
944 2040
947 1778
947 1666
948 516
949 2079
950 284
951 979
951 950
951 1610
952 1779
953 2319
953 301
954 1285
955 2494
955 1386
955 65
956 2423
956 888
956 1404
956 914
956 454
957 1661
958 2172
958 95
960 97
961 691
963 2258
964 1178
966 201
967 1264
968 1731
969 2315
972 1107
974 138
974 1225
975 359
975 1048
976 1347
976 2356
977 2361
978 658
978 1602
978 346
979 1947
981 1604
981 357
983 2493
983 308
984 2132
985 1978
986 2099
986 1944
987 806
988 974
989 1980
990 1990
991 1179
992 2044
992 1796
993 1549
994 1445
994 324
995 1808
996 2058
996 285
998 1753
1000 1849
1001 1360
1001 634
1002 456
1002 1461
1003 1363
1003 1383
1005 189
1005 420
1005 2385
1005 2042
1006 980
1006 1634
1006 1458
1007 2443
1007 219
1009 1547
1009 1367
1009 1480
1013 414
1015 2264
1015 1794
1017 1425
1019 929
1019 125
1021 1709
1021 1221
1021 1619
1022 1174
1023 1304
1024 1420
1025 2146
1025 1840
1025 1329
1026 759
1027 1061
1027 1911
1029 552
1030 1507
1030 454
1031 2279
1032 1461
1032 821
1032 720
1034 620
1034 850
1035 1517
1038 2321
1038 1087
1040 645
1040 295
1040 1109
1042 1946
1042 1193
1047 1763
1047 1832
1048 1706
1048 390
1048 473
1048 2336
1050 976
1051 2328
1052 917
1054 2202
1054 693
1055 1210
1056 1515
1056 1253
1057 300
1057 2472
1057 995
1057 1197
1059 2218
1059 529
1060 1997
1062 2051
1062 2248
1064 538
1065 1129
1065 311
1065 1995
1067 1324
1068 1283
1068 2413
1069 25
1072 2262
1073 1626
1076 1736
1076 2186
1077 495
1077 1098
1078 1958
1078 381
1080 1357
1080 200
1081 971
1081 1862
1081 330
1082 775
1083 780
1084 859
1086 1705
1088 1778
1091 352
1092 1472
1093 2405
1094 1692
1094 2165
1095 1845
1095 85
1095 642
1096 351
1097 900
1097 1237
1099 1198
1099 1651
1099 1300
1099 53
1102 2056
1102 1234
1103 768
1104 1006
1105 2461
1105 1749
1108 1769
1108 249
1108 2221
1109 431
1111 1026
1112 325
1112 1232
1113 109
1113 2074
1114 1627
1118 1647
1119 1027
1119 1603
1119 2219
1119 2397
1119 2485
1120 742
1120 2063
1120 949
1121 1624
1122 1839
1123 1772
1124 1247
1124 46
1125 1150
1125 182
1126 790
1126 1792
1128 457
1128 1429
1128 874
1129 1885
1129 1845
1130 1258
1130 1373
1132 1635
1133 1148
1133 266
1135 1709
1135 2248
1140 472
1141 1729
1141 1302
1141 2309
1143 1537
1144 2481
1145 277
1145 1366
1146 597
1147 90
1147 2143
1147 935
1148 1583
1148 1197
1150 50
1151 1594
1151 1372
1151 879
1153 1241
1153 1532
1154 1382
1154 1733
1154 2497
1155 951
1155 1432
1157 2415
1157 677
1157 892
1158 1488
1159 2179
1160 641
1161 2009
1161 153
1161 1021
1162 453
1162 1991
1162 167
1163 1091
1163 2168
1163 1880
1163 1273
1164 2048
1164 1734
1166 2372
1166 1941
1166 1978
1166 1316
1167 367
1167 2445
1168 1975
1168 1759
1170 483
1171 333
1172 2078
1172 466
1172 453
1173 1300
1175 1634
1175 1671
1175 284
1177 671
1177 1293
1177 2023
1178 529
1179 1682
1181 1450
1184 324
1184 935
1184 1852
1184 913
1185 218
1185 320
1187 561
1187 485
1188 353
1190 839
1191 1360
1191 519
1192 400
1194 2294
1195 2111
1196 1713
1196 1927
1197 1582
1197 1191
1197 928
1198 1086
1199 1942
1199 216
1200 1731
1201 690
1202 1923
1203 2389
1204 1104
1204 1645
1206 729
1206 1254
1207 1344
1207 2482
1207 732
1208 1052
1208 1121
1208 2471
1208 373
1209 2416
1211 75
1212 33
1213 191
1215 823
1215 1973
1215 1463
1217 1532
1217 752
1218 2450
1219 698
1219 2305
1220 1432
1221 684
1222 1992
1222 818
1223 12
1223 55
1223 936
1224 2304
1224 639
1225 938
1225 2206
1226 2495
1227 1549
1227 2194
1227 843
1228 711
1228 1721
1228 1122
1229 2415
1229 1419
1232 736
1233 1808
1233 1750
1234 327
1235 966
1235 1866
1237 2216
1238 1081
1239 2443
1240 647
1240 692
1241 1219
1242 1001
1242 532
1243 1438
1243 611
1245 1048
1245 2040
1248 2034
1248 1200
1249 933
1250 629
1253 1652
1253 1042
1253 862
1255 152
1256 812
1256 2492
1259 1630
1260 2364
1261 553
1266 2220
1267 1573
1269 669
1271 331
1272 396
1273 1496
1273 2138
1274 256
1275 348
1276 2389
1277 430
1278 1354
1279 2034
1279 1471
1279 1479
1280 1797
1280 1908
1284 2146
1287 573
1287 2431
1287 1944
1287 362
1288 2048
1289 2357
1289 1490
1289 2000
1289 2089
1290 1720
1293 2019
1294 2351
1296 2092
1297 1757
1297 1366
1297 1613
1298 343
1298 2032
1298 520
1299 1470
1299 228
1301 2150
1302 1443
1303 1300
1304 34
1305 303
1306 322
1306 2353
1306 2476
1307 1841
1308 1673
1309 333
1309 2198
1310 783
1310 1787
1311 2420
1312 772
1313 1558
1314 1148
1319 1481
1320 1709
1320 1611
1320 2320
1320 1558
1321 1296
1322 373
1322 2095
1323 1180
1323 332
1324 1454
1325 398
1325 1922
1326 948
1328 1964
1328 2017
1329 81
1330 1775
1330 1018
1330 2371
1331 1550
1331 2210
1332 1499
1333 2367
1333 205
1335 1450
1335 605
1335 1256
1338 1250
1338 2341
1338 2368
1338 1251
1338 657
1339 917
1339 1198
1340 39
1340 1534
1340 1658
1341 1852
1342 1036
1342 276
1342 1551
1343 1675
1343 1797
1345 374
1346 1246
1347 114
1347 2326
1347 2306
1347 480
1348 2090
1351 633
1352 1000
1353 2006
1353 2173
1353 2420
1355 1087
1355 181
1356 1331
1356 1413
1356 20
1357 1318
1357 2130
1357 2310
1362 1265
1362 41
1362 899
1362 1030
1362 1041
1362 2303
1365 400
1366 1113
1367 2474
1368 983
1368 2191
1370 392
1371 223
1371 63
1371 535
1373 594
1373 124
1376 1378
1376 741
1376 733
1376 1682
1377 571
1378 1227
1379 2205
1380 1531
1380 845
1383 1737
1383 2339
1384 30
1384 2174
1385 1642
1386 1008
1388 285
1391 653
1391 520
1392 2415
1392 1757
1392 1748
1394 1700
1396 1864
1396 932
1397 1455
1397 1169
1397 1940
1397 2406
1398 1019
1399 2187
1400 612
1400 2475
1400 2402
1401 1790
1402 758
1403 202
1403 2158
1404 1004
1406 259
1406 1876
1407 1435
1408 555
1408 1068
1409 281
1410 2443
1410 1123
1411 2454
1411 327
1411 2492
1413 1171
1414 993
1415 1349
1418 1461
1420 885
1421 927
1421 1399
1422 2086
1422 777
1424 1853
1426 2216
1426 1586
1427 1604
1427 1495
1429 2461
1429 2064
1430 339
1430 543
1430 1866
1430 1885
1432 1315
1432 948
1432 2171
1433 1056
1433 500
1433 659
1434 2339
1435 1543
1435 97
1438 2101
1439 2093
1443 1200
1444 366
1445 1072
1445 1627
1446 911
1447 2430
1447 186
1449 2429
1449 2365
1449 1987
1450 2417
1450 160
1451 1617
1452 1760
1454 486
1454 2463
1455 327
1457 1720
1460 763
1460 1501
1461 1157
1461 2006
1462 2420
1463 579
1464 1545
1464 2046
1465 1011
1465 1756
1466 1819
1467 1655
1468 486
1469 1677
1469 1494
1470 1670
1470 380
1471 2346
1472 802
1472 2408
1473 1071
1473 1147
1473 1438
1474 570
1474 2236
1474 2280
1474 784
1476 2005
1476 1133
1476 1645
1477 668
1477 1604
1479 994
1480 110
1481 120
1482 2008
1483 437
1483 261
1484 1334
1485 729
1486 2409
1488 324
1488 396
1488 1789
1489 523
1489 1638
1490 286
1491 2191
1493 875
1494 58
1496 1214
1496 449
1497 196
1499 289
1500 1771
1503 136
1505 1217
1505 409
1506 836
1506 2189
1507 500
1508 1739
1508 1365
1510 404
1510 2330
1511 2299
1511 944
1512 1430
1515 1702
1516 1270
1518 348
1519 915
1520 138
1521 2400
1523 1203
1523 169
1523 429
1523 746
1524 2424
1525 1079
1525 936
1525 1320
1526 2125
1526 930
1528 275
1528 712
1528 539
1529 1501
1531 227
1531 1381
1531 420
1531 1730
1533 1070
1533 710
1535 2357
1535 408
1535 1736
1536 826
1538 1983
1539 1982
1541 2207
1542 2309
1542 1277
1544 1628
1544 1630
1545 2430
1546 1987
1546 1427
1548 1394
1549 1724
1549 1930
1550 1682
1550 1030
1550 513
1550 1844
1553 601
1555 2253
1555 209
1556 107
1557 1871
1558 484
1559 1000
1559 1944
1560 2081
1561 2290
1561 1827
1564 1521
1566 2417
1566 1605
1566 2360
1567 1815
1568 2387
1573 1671
1573 2113
1573 1716
1575 368
1575 1686
1577 2225
1579 495
1580 1261
1581 476
1581 2491
1584 290
1584 964
1584 344
1584 1972
1585 1672
1585 478
1586 2154
1588 165
1594 1681
1595 649
1596 154
1596 1398
1597 1696
1597 365
1598 2302
1600 1112
1601 1660
1602 846
1604 1083
1606 558
1606 1251
1607 948
1607 1223
1607 393
1608 1362
1608 1572
1608 635
1608 806
1609 1192
1609 2434
1609 1689
1609 687
1609 1868
1610 1170
1611 2438
1616 1886
1617 1566
1617 1863
1617 2329
1618 1360
1619 1650
1619 907
1621 1502
1621 695
1621 419
1622 904
1623 1118
1625 2011
1625 2412
1626 79
1626 250
1631 1707
1632 285
1633 536
1633 517
1635 1815
1640 2101
1641 2024
1641 1611
1642 2330
1642 2100
1643 1904
1644 1578
1645 1751
1646 770
1646 2442
1646 1393
1647 201
1648 448
1650 1555
1651 476
1651 1873
1651 1604
1652 3
1652 2395
1652 1139
1653 845
1653 191
1653 2353
1654 2017
1654 1457
1655 2074
1656 306
1656 2260
1657 566
1658 36
1659 2138
1664 1117
1664 1807
1665 1723
1666 444
1667 2483
1668 1001
1669 47
1669 492
1670 1154
1670 589
1671 2404
1671 2285
1672 482
1672 455
1673 1592
1673 1341
1673 1744
1675 397
1675 2362
1676 2164
1678 1942
1678 1910
1679 356
1679 22
1679 1788
1681 802
1682 2183
1682 719
1682 1787
1684 1227
1684 1872
1684 1512
1686 1693
1687 191
1687 240
1688 1779
1688 272
1689 581
1689 2377
1689 2473
1689 194
1690 1
1693 2229
1695 2262
1696 521
1696 111
1697 1830
1698 1869
1699 1279
1700 372
1701 2142
1701 1473
1703 1460
1705 1138
1705 1208
1707 1865
1707 896
1708 1403
1710 1733
1711 1321
1711 769
1713 1328
1714 1018
1714 1770
1716 535
1717 1639
1720 166
1720 14
1721 1618
1721 884
1721 1752
1721 2329
1722 819
1723 115
1723 1949
1723 902
1723 1808
1724 944
1724 1842
1725 1971
1725 419
1726 1727
1727 514
1727 2008
1727 2104
1729 447
1730 1584
1731 1301
1731 2245
1732 1683
1735 1186
1735 1746
1735 61
1735 456
1736 816
1737 2349
1737 766
1737 2271
1739 427
1741 1433
1742 1130
1742 1279
1742 2019
1744 1053
1744 977
1744 362
1745 1024
1747 550
1748 500
1751 2065
1751 1853
1754 886
1755 2355
1755 70
1756 1679
1756 1458
1756 328
1756 1036
1757 346
1758 1888
1759 1137
1760 946
1761 689
1761 1666
1762 364
1765 1276
1766 1860
1766 1528
1767 124
1768 949
1768 2389
1769 322
1769 1638
1769 893
1770 1237
1771 1330
1772 1426
1772 11
1773 2011
1774 779
1776 1993
1776 205
1777 2136
1777 1605
1778 621
1779 1227
1780 1452
1780 1576
1780 1703
1782 947
1782 1064
1783 114
1783 2349
1784 260
1786 197
1787 1853
1787 258
1788 920
1788 1177
1788 170
1794 1290
1794 2184
1795 720
1795 1808
1796 592
1796 359
1797 2408
1800 1670
1801 1051
1803 1459
1805 1395
1806 1775
1808 84
1808 218
1809 590
1809 363
1810 1375
1810 1648
1811 908
1813 128
1814 846
1815 1363
1815 653
1816 2298
1816 245
1818 196
1818 674
1819 1247
1820 1205
1820 1520
1821 856
1822 217
1823 1959
1824 266
1825 291
1825 353
1826 1616
1827 1012
1827 39
1827 1927
1828 898
1828 746
1829 864
1829 2326
1829 1658
1830 1311
1831 2053
1831 1888
1834 1904
1834 486
1835 1335
1835 139
1836 1434
1836 1237
1837 367
1837 1930
1837 1349
1841 1703
1841 69
1842 2462
1842 968
1843 1208
1844 1449
1844 1682
1844 2284
1844 2342
1846 1137
1846 1692
1848 426
1850 342
1850 828
1850 770
1850 1734
1851 807
1851 2023
1852 1463
1852 1597
1854 765
1855 2412
1855 601
1855 1743
1857 1886
1857 1410
1857 2370
1859 2339
1860 2247
1860 2488
1863 1872
1863 1253
1863 1196
1864 1893
1866 2106
1866 1561
1869 1888
1870 642
1870 121
1870 1901
1871 2329
1871 1578
1872 165
1873 659
1873 1706
1873 830
1874 25
1876 1258
1878 1017
1881 1027
1883 566
1884 1398
1886 1644
1887 846
1888 2111
1890 257
1890 1330
1890 2290
1892 2258
1893 1035
1893 1807
1894 190
1894 881
1896 1081
1896 1802
1897 56
1898 1054
1899 2051
1900 2259
1900 1917
1901 647
1901 1841
1902 1866
1902 654
1903 619
1904 796
1905 1090
1906 1958
1906 702
1906 58
1907 733
1909 2270
1909 2228
1910 2374
1910 448
1911 2238
1912 2087
1914 760
1914 113
1915 473
1916 1126
1916 1023
1917 24
1919 1369
1919 1641
1921 1625
1921 736
1921 1422
1921 1677
1921 756
1921 1586
1922 811
1922 1078
1923 117
1924 2339
1925 1002
1926 407
1927 2375
1928 659
1929 628
1929 566
1931 1539
1932 1030
1932 1784
1932 1344
1935 76
1935 208
1936 1641
1936 2288
1937 1632
1937 2254
1939 1850
1939 897
1942 923
1942 2355
1942 1908
1943 2329
1944 1158
1945 305
1946 321
1946 1588
1946 2318
1946 1481
1947 2402
1948 2380
1948 1283
1948 197
1948 536
1948 2204
1949 1028
1950 848
1950 1716
1952 2060
1953 1639
1954 1137
1955 932
1956 524
1956 236
1957 2307
1958 1782
1959 1237
1960 1671
1960 1007
1960 2469
1963 521
1965 552
1965 1172
1967 678
1969 1788
1970 1261
1971 1894
1971 641
1971 2218
1971 1302
1972 773
1972 764
1972 842
1972 924
1974 1193
1974 2272
1975 2425
1978 1789
1978 468
1978 192
1979 2296
1979 126
1980 692
1981 1420
1982 322
1982 2337
1984 1086
1984 1670
1984 1601
1985 622
1986 1777
1986 567
1986 1260
1986 2110
1987 967
1989 360
1991 570
1991 1987
1992 1618
1993 1886
1993 1448
1994 2009
1994 2097
1994 2272
1995 573
1995 2057
1995 1701
1997 2467
1998 12
1998 1025
1998 1397
1999 70
1999 109
2000 2214
2001 1088
2002 74
2003 2195
2003 199
2005 778
2005 1328
2009 46
2010 2295
2010 2368
2010 1387
2010 1424
2011 2247
2012 372
2012 744
2013 1656
2014 1456
2015 1007
2016 613
2017 1750
2017 434
2018 2066
2021 2481
2022 2456
2022 965
2022 147
2022 2206
2022 1856
2022 1095
2023 2228
2024 1398
2024 525
2026 343
2027 2252
2028 1683
2029 1653
2031 2399
2031 393
2033 2136
2033 1321
2034 68
2036 2360
2036 2088
2036 1214
2037 469
2037 919
2038 103
2039 327
2041 2193
2042 947
2043 460
2043 2310
2045 1771
2045 289
2046 412
2046 1384
2047 348
2047 545
2047 2244
2047 549
2048 1669
2048 804
2049 632
2049 521
2049 1810
2050 847
2050 2190
2051 1060
2052 5
2053 33
2053 608
2054 1421
2056 383
2056 1409
2057 2031
2059 1356
2062 2311
2062 588
2063 2414
2063 860
2064 322
2066 1201
2066 359
2068 837
2069 1602
2070 1062
2072 1262
2073 2345
2074 2363
2074 462
2075 1393
2077 2251
2079 2008
2079 2071
2080 215
2080 2070
2080 1008
2081 427
2081 1928
2081 1154
2082 371
2082 2144
2084 924
2084 623
2084 2067
2084 375
2085 1989
2085 1460
2085 592
2087 2135
2087 909
2090 1517
2090 2219
2091 1312
2091 315
2092 1574
2092 2058
2093 635
2094 2414
2094 969
2098 1769
2099 71
2100 750
2101 84
2101 1763
2101 735
2101 425
2102 1787
2104 457
2105 224
2106 1343
2106 1972
2106 598
2106 85
2107 701
2108 1091
2109 307
2109 1883
2109 7
2111 2403
2111 1772
2113 415
2114 1015
2114 2280
2114 767
2115 1650
2115 1665
2116 1671
2117 185
2118 2085
2119 1183
2120 2267
2120 2440
2120 217
2121 511
2124 1370
2124 1645
2125 125
2125 2132
2127 1835
2127 1851
2128 1825
2129 1879
2130 1667
2131 2401
2134 322
2135 475
2139 2192
2140 208
2143 1990
2143 1380
2144 2365
2144 490
2144 2466
2144 2095
2144 1735
2146 9
2146 1462
2146 1502
2146 2312
2146 2328
2147 1677
2149 413
2150 1050
2151 2244
2152 1378
2152 351
2152 1856
2154 422
2154 883
2155 1456
2156 2158
2156 621
2157 1677
2157 1618
2158 451
2159 2262
2159 1208
2160 647
2160 2203
2161 2146
2162 2167
2162 2037
2162 177
2162 76
2162 1540
2165 694
2165 1186
2165 2436
2169 2413
2172 1595
2173 565
2173 444
2174 628
2174 2233
2175 2013
2177 1445
2177 2364
2178 725
2178 1567
2178 2062
2179 993
2179 2400
2179 466
2180 1589
2182 2084
2182 1334
2184 2333
2185 460
2185 1944
2187 2210
2188 2280
2189 1859
2190 1764
2190 2455
2190 572
2191 561
2191 59
2191 2133
2192 599
2194 771
2195 342
2196 224
2196 469
2196 1486
2196 1735
2196 879
2197 1895
2197 429
2199 1232
2200 943
2200 1410
2201 2029
2201 2238
2203 1446
2203 731
2204 673
2206 2496
2206 333
2207 1662
2208 254
2208 1662
2209 1490
2209 1331
2209 144
2211 2020
2211 1292
2211 566
2212 1038
2213 1076
2214 1685
2214 112
2216 2204
2216 350
2216 1719
2217 2313
2217 2345
2218 2479
2218 1908
2220 943
2221 426
2221 55
2221 893
2223 1702
2223 933
2224 1418
2225 62
2225 1192
2226 2068
2226 317
2226 1445
2226 816
2227 1701
2228 1215
2229 211
2231 844
2232 494
2239 238
2240 2369
2240 1222
2241 2463
2241 746
2243 210
2243 12
2244 471
2245 839
2245 1907
2246 52
2247 1194
2247 1650
2250 1216
2251 2281
2251 123
2251 2267
2253 589
2257 1128
2257 1500
2259 1157
2259 1621
2260 2446
2261 952
2262 143
2263 2356
2263 585
2264 1387
2264 2348
2264 1238
2265 523
2265 829
2266 482
2266 1409
2268 1673
2269 65
2271 611
2271 1137
2274 1851
2275 1643
2275 1476
2276 1623
2276 2239
2277 2044
2280 2002
2280 2251
2280 2122
2281 796
2281 1183
2283 2459
2283 1857
2285 585
2285 1177
2286 2455
2287 2195
2288 1961
2290 2322
2291 2287
2293 971
2293 1031
2293 2432
2294 2088
2294 2491
2296 1956
2297 596
2298 1836
2298 1437
2298 27
2299 1286
2300 1886
2300 1048
2302 1726
2303 1121
2304 1894
2304 2445
2306 561
2306 2429
2307 2229
2308 28
2309 1809
2309 809
2310 339
2311 1694
2311 893
2313 2494
2314 1723
2314 216
2314 127
2314 1701
2315 1074
2315 266
2316 810
2317 190
2319 1991
2319 363
2319 1500
2320 2071
2320 146
2321 106
2322 925
2322 122
2323 652
2324 1388
2324 1301
2325 1885
2327 2138
2327 1973
2328 2346
2328 609
2328 866
2329 1202
2329 1412
2330 1805
2330 1366
2330 381
2331 2055
2331 350
2331 2412
2332 2274
2332 1797
2334 1256
2334 1063
2335 1697
2335 461
2336 1282
2337 815
2337 2126
2337 1239
2338 868
2338 1257
2339 1163
2341 1317
2341 1402
2343 1281
2343 2101
2344 1855
2344 1411
2345 2081
2345 2123
2345 724
2347 31
2347 264
2349 1891
2350 391
2352 1780
2352 2432
2352 314
2352 1199
2353 136
2353 1881
2354 1946
2354 2446
2355 1201
2357 2473
2359 1851
2360 2025
2361 1846
2361 91
2362 431
2362 1745
2363 587
2364 2097
2364 1652
2365 1641
2365 1760
2366 1264
2368 1174
2370 747
2371 759
2376 181
2376 1856
2376 2435
2377 919
2377 2318
2377 1215
2377 958
2377 2295
2379 1011
2382 237
2382 983
2384 1234
2385 1370
2387 1199
2387 480
2387 1010
2389 655
2389 1951
2390 1454
2390 146
2390 947
2391 1108
2392 1715
2392 2400
2393 1478
2395 760
2396 177
2397 795
2400 1326
2400 193
2401 1384
2401 1632
2404 2141
2405 1034
2407 34
2407 958
2408 144
2409 945
2409 186
2409 166
2409 633
2409 1561
2410 113
2410 1190
2410 575
2411 576
2412 554
2413 715
2413 2110
2414 392
2416 1010
2418 2004
2419 884
2420 56
2422 1506
2422 163
2423 1968
2423 2023
2424 1031
2424 1923
2425 1473
2426 2046
2427 2068
2428 1031
2428 1330
2429 196
2430 1150
2431 299
2432 105
2433 2159
2434 2073
2434 2028
2434 226
2435 1874
2436 1402
2437 697
2437 778
2439 34
2439 388
2440 311
2441 414
2441 1845
2443 537
2444 1656
2445 2140
2445 1526
2445 214
2449 689
2449 2365
2452 330
2453 1453
2453 2255
2454 1173
2454 2221
2455 549
2456 1551
2457 2477
2458 107
2458 1682
2459 734
2460 1651
2462 1162
2462 618
2463 1434
2463 288
2464 2150
2464 2394
2465 1558
2466 1186
2467 1746
2468 1947
2468 1131
2468 2460
2468 1834
2469 950
2470 250
2470 853
2471 1761
2473 47
2473 347
2474 1817
2475 719
2475 242
2475 2344
2477 980
2477 901
2477 2289
2478 2472
2478 2224
2478 2378
2478 597
2478 1736
2479 295
2480 1112
2480 876
2480 809
2481 68
2482 546
2482 822
2483 2453
2483 1595
2484 875
2484 485
2484 257
2485 2458
2485 2070
2486 1564
2488 384
2490 224
2491 2476
2492 346
2492 61
2492 1628
2494 1223
2497 1910
2498 800
