1: 1.0 0.18652093147197082 0.10110378896198485 0.33129874357116257 0.47261429587527776 0.18998319126704746 0.22430666750174608 0.0 0.18939257015591524 0.14554349011451617 0.45459248094994037 0.25456709203477 0.4691989981471598 
2: 0.18652093147197082 1.0 0.042568783080690016 0.12601379183217779 0.15703348754284177 0.09499409612151376 0.14231597243294627 0.0 0.09463969948951531 0.06878143960110189 0.253088590614854 0.09819878891501518 0.20126465343653535 
3: 0.10110378896198484 0.042568783080690016 1.0 0.14481650454790324 0.06187244845388269 0.2277605606419238 0.1288769544497819 0.0 0.18111561800776926 0.5638802803209619 0.12805475062999208 0.3965443363652688 0.12071945921603594 
4: 0.3312987435711626 0.12601379183217776 0.14481650454790324 1.0 0.5280065354669811 0.5280065354669811 0.27636210834105385 0.0 0.3321413624447774 0.3364115200074421 0.21693094100510824 0.40027652516062173 0.2329448476232535 
5: 0.47261429587527776 0.15703348754284177 0.061872448453882706 0.5280065354669811 1.0 0.15601307093396194 0.20350064801076495 0.0 0.1474072823067725 0.10894275969392232 0.2151018922212584 0.37262850646261486 0.25892144381291665 
6: 0.18998319126704746 0.09499409612151373 0.2277605606419238 0.5280065354669811 0.15601307093396194 1.0 0.34922356867134274 0.0 0.5168754425827822 0.5638802803209619 0.21875998978895803 0.42792454385862855 0.20696825143359027 
7: 0.22430666750174608 0.14231597243294627 0.12887695444978192 0.2763621083410539 0.20350064801076495 0.3492235686713428 1.0 0.0 0.5624566495181166 0.23905026156056233 0.24313866088070213 0.22720039037729656 0.23470967724723665 
8: 0.0 0.0 0.0 0.0 0.0 0.0 0.0 1.0 0.0 0.0 0.0 0.0 0.0 
9: 0.18939257015591524 0.09463969948951531 0.18111561800776926 0.3321413624447774 0.1474072823067725 0.5168754425827822 0.5624566495181165 0.0 1.0 0.3489955302952757 0.21117645653646008 0.2817994476324413 0.2103852140804866 
10: 0.14554349011451617 0.06878143960110188 0.5638802803209619 0.3364115200074421 0.10894275969392232 0.5638802803209619 0.23905026156056233 0.0 0.3489955302952757 1.0 0.17340737020947505 0.4122344401119487 0.1638438553248131 
11: 0.45459248094994037 0.253088590614854 0.1280547506299921 0.21693094100510824 0.2151018922212584 0.21875998978895803 0.24313866088070213 0.0 0.21117645653646008 0.17340737020947505 1.0 0.1873055442134028 0.5743377753142815 
12: 0.25456709203477 0.09819878891501517 0.3965443363652688 0.4002765251606217 0.37262850646261486 0.42792454385862855 0.22720039037729653 0.0 0.2817994476324413 0.4122344401119487 0.1873055442134028 1.0 0.19553638482084762 
13: 0.4691989981471598 0.20126465343653535 0.12071945921603594 0.2329448476232535 0.25892144381291665 0.20696825143359027 0.23470967724723665 0.0 0.2103852140804866 0.1638438553248131 0.5743377753142815 0.19553638482084762 1.0 
