145 6380
0 1
0 129
0 4
0 5
0 6
0 136
0 9
0 139
0 140
0 141
0 16
0 144
0 20
0 24
0 25
0 29
0 30
0 34
0 35
0 36
0 45
0 49
0 51
0 54
0 59
0 64
0 65
0 71
0 74
0 80
0 81
0 86
0 91
0 94
0 96
0 100
0 109
0 110
0 111
0 115
0 116
0 120
0 121
0 125
1 2
1 130
1 5
1 6
1 7
1 137
1 10
1 140
1 141
1 142
1 17
1 0
1 21
1 25
1 26
1 30
1 31
1 35
1 36
1 37
1 46
1 50
1 52
1 55
1 60
1 65
1 66
1 72
1 75
1 81
1 82
1 87
1 92
1 95
1 97
1 101
1 110
1 111
1 112
1 116
1 117
1 121
1 122
1 126
129 130
129 113
129 133
129 134
129 135
129 120
129 138
129 123
129 124
129 125
129 0
129 128
129 4
129 8
129 9
129 13
129 14
129 18
129 19
129 20
129 29
129 33
129 35
129 38
129 43
129 48
129 49
129 55
129 58
129 64
129 65
129 70
129 75
129 78
129 80
129 84
129 93
129 94
129 95
129 99
129 100
129 104
129 105
129 109
4 5
4 133
4 8
4 9
4 10
4 140
4 13
4 143
4 144
4 0
4 20
4 3
4 24
4 28
4 29
4 33
4 34
4 38
4 39
4 40
4 49
4 53
4 55
4 58
4 63
4 68
4 69
4 75
4 78
4 84
4 85
4 90
4 95
4 98
4 100
4 104
4 113
4 114
4 115
4 119
4 120
4 124
4 125
4 129
5 6
5 134
5 9
5 10
5 11
5 141
5 14
5 144
5 0
5 1
5 21
5 4
5 25
5 29
5 30
5 34
5 35
5 39
5 40
5 41
5 50
5 54
5 56
5 59
5 64
5 69
5 70
5 76
5 79
5 85
5 86
5 91
5 96
5 99
5 101
5 105
5 114
5 115
5 116
5 120
5 121
5 125
5 126
5 130
6 7
6 135
6 10
6 11
6 12
6 142
6 15
6 0
6 1
6 2
6 22
6 5
6 26
6 30
6 31
6 35
6 36
6 40
6 41
6 42
6 51
6 55
6 57
6 60
6 65
6 70
6 71
6 77
6 80
6 86
6 87
6 92
6 97
6 100
6 102
6 106
6 115
6 116
6 117
6 121
6 122
6 126
6 127
6 131
136 137
136 120
136 140
136 141
136 142
136 127
136 0
136 130
136 131
136 132
136 7
136 135
136 11
136 15
136 16
136 20
136 21
136 25
136 26
136 27
136 36
136 40
136 42
136 45
136 50
136 55
136 56
136 62
136 65
136 71
136 72
136 77
136 82
136 85
136 87
136 91
136 100
136 101
136 102
136 106
136 107
136 111
136 112
136 116
9 10
9 138
9 13
9 14
9 15
9 0
9 18
9 3
9 4
9 5
9 25
9 8
9 29
9 33
9 34
9 38
9 39
9 43
9 44
9 45
9 54
9 58
9 60
9 63
9 68
9 73
9 74
9 80
9 83
9 89
9 90
9 95
9 100
9 103
9 105
9 109
9 118
9 119
9 120
9 124
9 125
9 129
9 130
9 134
139 140
139 123
139 143
139 144
139 0
139 130
139 3
139 133
139 134
139 135
139 10
139 138
139 14
139 18
139 19
139 23
139 24
139 28
139 29
139 30
139 39
139 43
139 45
139 48
139 53
139 58
139 59
139 65
139 68
139 74
139 75
139 80
139 85
139 88
139 90
139 94
139 103
139 104
139 105
139 109
139 110
139 114
139 115
139 119
140 141
140 124
140 144
140 0
140 1
140 131
140 4
140 134
140 135
140 136
140 11
140 139
140 15
140 19
140 20
140 24
140 25
140 29
140 30
140 31
140 40
140 44
140 46
140 49
140 54
140 59
140 60
140 66
140 69
140 75
140 76
140 81
140 86
140 89
140 91
140 95
140 104
140 105
140 106
140 110
140 111
140 115
140 116
140 120
141 142
141 125
141 0
141 1
141 2
141 132
141 5
141 135
141 136
141 137
141 12
141 140
141 16
141 20
141 21
141 25
141 26
141 30
141 31
141 32
141 41
141 45
141 47
141 50
141 55
141 60
141 61
141 67
141 70
141 76
141 77
141 82
141 87
141 90
141 92
141 96
141 105
141 106
141 107
141 111
141 112
141 116
141 117
141 121
16 17
16 0
16 20
16 21
16 22
16 7
16 25
16 10
16 11
16 12
16 32
16 15
16 36
16 40
16 41
16 45
16 46
16 50
16 51
16 52
16 61
16 65
16 67
16 70
16 75
16 80
16 81
16 87
16 90
16 96
16 97
16 102
16 107
16 110
16 112
16 116
16 125
16 126
16 127
16 131
16 132
16 136
16 137
16 141
144 0
144 128
144 3
144 4
144 5
144 135
144 8
144 138
144 139
144 140
144 15
144 143
144 19
144 23
144 24
144 28
144 29
144 33
144 34
144 35
144 44
144 48
144 50
144 53
144 58
144 63
144 64
144 70
144 73
144 79
144 80
144 85
144 90
144 93
144 95
144 99
144 108
144 109
144 110
144 114
144 115
144 119
144 120
144 124
20 21
20 4
20 24
20 25
20 26
20 11
20 29
20 14
20 15
20 16
20 36
20 19
20 40
20 44
20 45
20 49
20 50
20 54
20 55
20 56
20 65
20 69
20 71
20 74
20 79
20 84
20 85
20 91
20 94
20 100
20 101
20 106
20 111
20 114
20 116
20 120
20 129
20 130
20 131
20 135
20 136
20 140
20 141
20 0
24 25
24 8
24 28
24 29
24 30
24 15
24 33
24 18
24 19
24 20
24 40
24 23
24 44
24 48
24 49
24 53
24 54
24 58
24 59
24 60
24 69
24 73
24 75
24 78
24 83
24 88
24 89
24 95
24 98
24 104
24 105
24 110
24 115
24 118
24 120
24 124
24 133
24 134
24 135
24 139
24 140
24 144
24 0
24 4
25 26
25 9
25 29
25 30
25 31
25 16
25 34
25 19
25 20
25 21
25 41
25 24
25 45
25 49
25 50
25 54
25 55
25 59
25 60
25 61
25 70
25 74
25 76
25 79
25 84
25 89
25 90
25 96
25 99
25 105
25 106
25 111
25 116
25 119
25 121
25 125
25 134
25 135
25 136
25 140
25 141
25 0
25 1
25 5
29 30
29 13
29 33
29 34
29 35
29 20
29 38
29 23
29 24
29 25
29 45
29 28
29 49
29 53
29 54
29 58
29 59
29 63
29 64
29 65
29 74
29 78
29 80
29 83
29 88
29 93
29 94
29 100
29 103
29 109
29 110
29 115
29 120
29 123
29 125
29 129
29 138
29 139
29 140
29 144
29 0
29 4
29 5
29 9
30 31
30 14
30 34
30 35
30 36
30 21
30 39
30 24
30 25
30 26
30 46
30 29
30 50
30 54
30 55
30 59
30 60
30 64
30 65
30 66
30 75
30 79
30 81
30 84
30 89
30 94
30 95
30 101
30 104
30 110
30 111
30 116
30 121
30 124
30 126
30 130
30 139
30 140
30 141
30 0
30 1
30 5
30 6
30 10
34 35
34 18
34 38
34 39
34 40
34 25
34 43
34 28
34 29
34 30
34 50
34 33
34 54
34 58
34 59
34 63
34 64
34 68
34 69
34 70
34 79
34 83
34 85
34 88
34 93
34 98
34 99
34 105
34 108
34 114
34 115
34 120
34 125
34 128
34 130
34 134
34 143
34 144
34 0
34 4
34 5
34 9
34 10
34 14
35 36
35 19
35 39
35 40
35 41
35 26
35 44
35 29
35 30
35 31
35 51
35 34
35 55
35 59
35 60
35 64
35 65
35 69
35 70
35 71
35 80
35 84
35 86
35 89
35 94
35 99
35 100
35 106
35 109
35 115
35 116
35 121
35 126
35 129
35 131
35 135
35 144
35 0
35 1
35 5
35 6
35 10
35 11
35 15
36 37
36 20
36 40
36 41
36 42
36 27
36 45
36 30
36 31
36 32
36 52
36 35
36 56
36 60
36 61
36 65
36 66
36 70
36 71
36 72
36 81
36 85
36 87
36 90
36 95
36 100
36 101
36 107
36 110
36 116
36 117
36 122
36 127
36 130
36 132
36 136
36 0
36 1
36 2
36 6
36 7
36 11
36 12
36 16
45 46
45 29
45 49
45 50
45 51
45 36
45 54
45 39
45 40
45 41
45 61
45 44
45 65
45 69
45 70
45 74
45 75
45 79
45 80
45 81
45 90
45 94
45 96
45 99
45 104
45 109
45 110
45 116
45 119
45 125
45 126
45 131
45 136
45 139
45 141
45 0
45 9
45 10
45 11
45 15
45 16
45 20
45 21
45 25
49 50
49 33
49 53
49 54
49 55
49 40
49 58
49 43
49 44
49 45
49 65
49 48
49 69
49 73
49 74
49 78
49 79
49 83
49 84
49 85
49 94
49 98
49 100
49 103
49 108
49 113
49 114
49 120
49 123
49 129
49 130
49 135
49 140
49 143
49 0
49 4
49 13
49 14
49 15
49 19
49 20
49 24
49 25
49 29
51 52
51 35
51 55
51 56
51 57
51 42
51 60
51 45
51 46
51 47
51 67
51 50
51 71
51 75
51 76
51 80
51 81
51 85
51 86
51 87
51 96
51 100
51 102
51 105
51 110
51 115
51 116
51 122
51 125
51 131
51 132
51 137
51 142
51 0
51 2
51 6
51 15
51 16
51 17
51 21
51 22
51 26
51 27
51 31
54 55
54 38
54 58
54 59
54 60
54 45
54 63
54 48
54 49
54 50
54 70
54 53
54 74
54 78
54 79
54 83
54 84
54 88
54 89
54 90
54 99
54 103
54 105
54 108
54 113
54 118
54 119
54 125
54 128
54 134
54 135
54 140
54 0
54 3
54 5
54 9
54 18
54 19
54 20
54 24
54 25
54 29
54 30
54 34
59 60
59 43
59 63
59 64
59 65
59 50
59 68
59 53
59 54
59 55
59 75
59 58
59 79
59 83
59 84
59 88
59 89
59 93
59 94
59 95
59 104
59 108
59 110
59 113
59 118
59 123
59 124
59 130
59 133
59 139
59 140
59 0
59 5
59 8
59 10
59 14
59 23
59 24
59 25
59 29
59 30
59 34
59 35
59 39
64 65
64 48
64 68
64 69
64 70
64 55
64 73
64 58
64 59
64 60
64 80
64 63
64 84
64 88
64 89
64 93
64 94
64 98
64 99
64 100
64 109
64 113
64 115
64 118
64 123
64 128
64 129
64 135
64 138
64 144
64 0
64 5
64 10
64 13
64 15
64 19
64 28
64 29
64 30
64 34
64 35
64 39
64 40
64 44
65 66
65 49
65 69
65 70
65 71
65 56
65 74
65 59
65 60
65 61
65 81
65 64
65 85
65 89
65 90
65 94
65 95
65 99
65 100
65 101
65 110
65 114
65 116
65 119
65 124
65 129
65 130
65 136
65 139
65 0
65 1
65 6
65 11
65 14
65 16
65 20
65 29
65 30
65 31
65 35
65 36
65 40
65 41
65 45
71 72
71 55
71 75
71 76
71 77
71 62
71 80
71 65
71 66
71 67
71 87
71 70
71 91
71 95
71 96
71 100
71 101
71 105
71 106
71 107
71 116
71 120
71 122
71 125
71 130
71 135
71 136
71 142
71 0
71 6
71 7
71 12
71 17
71 20
71 22
71 26
71 35
71 36
71 37
71 41
71 42
71 46
71 47
71 51
74 75
74 58
74 78
74 79
74 80
74 65
74 83
74 68
74 69
74 70
74 90
74 73
74 94
74 98
74 99
74 103
74 104
74 108
74 109
74 110
74 119
74 123
74 125
74 128
74 133
74 138
74 139
74 0
74 3
74 9
74 10
74 15
74 20
74 23
74 25
74 29
74 38
74 39
74 40
74 44
74 45
74 49
74 50
74 54
80 81
80 64
80 84
80 85
80 86
80 71
80 89
80 74
80 75
80 76
80 96
80 79
80 100
80 104
80 105
80 109
80 110
80 114
80 115
80 116
80 125
80 129
80 131
80 134
80 139
80 144
80 0
80 6
80 9
80 15
80 16
80 21
80 26
80 29
80 31
80 35
80 44
80 45
80 46
80 50
80 51
80 55
80 56
80 60
81 82
81 65
81 85
81 86
81 87
81 72
81 90
81 75
81 76
81 77
81 97
81 80
81 101
81 105
81 106
81 110
81 111
81 115
81 116
81 117
81 126
81 130
81 132
81 135
81 140
81 0
81 1
81 7
81 10
81 16
81 17
81 22
81 27
81 30
81 32
81 36
81 45
81 46
81 47
81 51
81 52
81 56
81 57
81 61
86 87
86 70
86 90
86 91
86 92
86 77
86 95
86 80
86 81
86 82
86 102
86 85
86 106
86 110
86 111
86 115
86 116
86 120
86 121
86 122
86 131
86 135
86 137
86 140
86 0
86 5
86 6
86 12
86 15
86 21
86 22
86 27
86 32
86 35
86 37
86 41
86 50
86 51
86 52
86 56
86 57
86 61
86 62
86 66
91 92
91 75
91 95
91 96
91 97
91 82
91 100
91 85
91 86
91 87
91 107
91 90
91 111
91 115
91 116
91 120
91 121
91 125
91 126
91 127
91 136
91 140
91 142
91 0
91 5
91 10
91 11
91 17
91 20
91 26
91 27
91 32
91 37
91 40
91 42
91 46
91 55
91 56
91 57
91 61
91 62
91 66
91 67
91 71
94 95
94 78
94 98
94 99
94 100
94 85
94 103
94 88
94 89
94 90
94 110
94 93
94 114
94 118
94 119
94 123
94 124
94 128
94 129
94 130
94 139
94 143
94 0
94 3
94 8
94 13
94 14
94 20
94 23
94 29
94 30
94 35
94 40
94 43
94 45
94 49
94 58
94 59
94 60
94 64
94 65
94 69
94 70
94 74
96 97
96 80
96 100
96 101
96 102
96 87
96 105
96 90
96 91
96 92
96 112
96 95
96 116
96 120
96 121
96 125
96 126
96 130
96 131
96 132
96 141
96 0
96 2
96 5
96 10
96 15
96 16
96 22
96 25
96 31
96 32
96 37
96 42
96 45
96 47
96 51
96 60
96 61
96 62
96 66
96 67
96 71
96 72
96 76
100 101
100 84
100 104
100 105
100 106
100 91
100 109
100 94
100 95
100 96
100 116
100 99
100 120
100 124
100 125
100 129
100 130
100 134
100 135
100 136
100 0
100 4
100 6
100 9
100 14
100 19
100 20
100 26
100 29
100 35
100 36
100 41
100 46
100 49
100 51
100 55
100 64
100 65
100 66
100 70
100 71
100 75
100 76
100 80
109 110
109 93
109 113
109 114
109 115
109 100
109 118
109 103
109 104
109 105
109 125
109 108
109 129
109 133
109 134
109 138
109 139
109 143
109 144
109 0
109 9
109 13
109 15
109 18
109 23
109 28
109 29
109 35
109 38
109 44
109 45
109 50
109 55
109 58
109 60
109 64
109 73
109 74
109 75
109 79
109 80
109 84
109 85
109 89
110 111
110 94
110 114
110 115
110 116
110 101
110 119
110 104
110 105
110 106
110 126
110 109
110 130
110 134
110 135
110 139
110 140
110 144
110 0
110 1
110 10
110 14
110 16
110 19
110 24
110 29
110 30
110 36
110 39
110 45
110 46
110 51
110 56
110 59
110 61
110 65
110 74
110 75
110 76
110 80
110 81
110 85
110 86
110 90
111 112
111 95
111 115
111 116
111 117
111 102
111 120
111 105
111 106
111 107
111 127
111 110
111 131
111 135
111 136
111 140
111 141
111 0
111 1
111 2
111 11
111 15
111 17
111 20
111 25
111 30
111 31
111 37
111 40
111 46
111 47
111 52
111 57
111 60
111 62
111 66
111 75
111 76
111 77
111 81
111 82
111 86
111 87
111 91
115 116
115 99
115 119
115 120
115 121
115 106
115 124
115 109
115 110
115 111
115 131
115 114
115 135
115 139
115 140
115 144
115 0
115 4
115 5
115 6
115 15
115 19
115 21
115 24
115 29
115 34
115 35
115 41
115 44
115 50
115 51
115 56
115 61
115 64
115 66
115 70
115 79
115 80
115 81
115 85
115 86
115 90
115 91
115 95
116 117
116 100
116 120
116 121
116 122
116 107
116 125
116 110
116 111
116 112
116 132
116 115
116 136
116 140
116 141
116 0
116 1
116 5
116 6
116 7
116 16
116 20
116 22
116 25
116 30
116 35
116 36
116 42
116 45
116 51
116 52
116 57
116 62
116 65
116 67
116 71
116 80
116 81
116 82
116 86
116 87
116 91
116 92
116 96
120 121
120 104
120 124
120 125
120 126
120 111
120 129
120 114
120 115
120 116
120 136
120 119
120 140
120 144
120 0
120 4
120 5
120 9
120 10
120 11
120 20
120 24
120 26
120 29
120 34
120 39
120 40
120 46
120 49
120 55
120 56
120 61
120 66
120 69
120 71
120 75
120 84
120 85
120 86
120 90
120 91
120 95
120 96
120 100
121 122
121 105
121 125
121 126
121 127
121 112
121 130
121 115
121 116
121 117
121 137
121 120
121 141
121 0
121 1
121 5
121 6
121 10
121 11
121 12
121 21
121 25
121 27
121 30
121 35
121 40
121 41
121 47
121 50
121 56
121 57
121 62
121 67
121 70
121 72
121 76
121 85
121 86
121 87
121 91
121 92
121 96
121 97
121 101
125 126
125 109
125 129
125 130
125 131
125 116
125 134
125 119
125 120
125 121
125 141
125 124
125 0
125 4
125 5
125 9
125 10
125 14
125 15
125 16
125 25
125 29
125 31
125 34
125 39
125 44
125 45
125 51
125 54
125 60
125 61
125 66
125 71
125 74
125 76
125 80
125 89
125 90
125 91
125 95
125 96
125 100
125 101
125 105
2 3
2 131
2 6
2 7
2 8
2 138
2 11
2 141
2 142
2 143
2 18
2 1
2 22
2 26
2 27
2 31
2 32
2 36
2 37
2 38
2 47
2 51
2 53
2 56
2 61
2 66
2 67
2 73
2 76
2 82
2 83
2 88
2 93
2 96
2 98
2 102
2 111
2 112
2 113
2 117
2 118
2 122
2 123
2 127
130 131
130 114
130 134
130 135
130 136
130 121
130 139
130 124
130 125
130 126
130 1
130 129
130 5
130 9
130 10
130 14
130 15
130 19
130 20
130 21
130 30
130 34
130 36
130 39
130 44
130 49
130 50
130 56
130 59
130 65
130 66
130 71
130 76
130 79
130 81
130 85
130 94
130 95
130 96
130 100
130 101
130 105
130 106
130 110
7 8
7 136
7 11
7 12
7 13
7 143
7 16
7 1
7 2
7 3
7 23
7 6
7 27
7 31
7 32
7 36
7 37
7 41
7 42
7 43
7 52
7 56
7 58
7 61
7 66
7 71
7 72
7 78
7 81
7 87
7 88
7 93
7 98
7 101
7 103
7 107
7 116
7 117
7 118
7 122
7 123
7 127
7 128
7 132
137 138
137 121
137 141
137 142
137 143
137 128
137 1
137 131
137 132
137 133
137 8
137 136
137 12
137 16
137 17
137 21
137 22
137 26
137 27
137 28
137 37
137 41
137 43
137 46
137 51
137 56
137 57
137 63
137 66
137 72
137 73
137 78
137 83
137 86
137 88
137 92
137 101
137 102
137 103
137 107
137 108
137 112
137 113
137 117
10 11
10 139
10 14
10 15
10 16
10 1
10 19
10 4
10 5
10 6
10 26
10 9
10 30
10 34
10 35
10 39
10 40
10 44
10 45
10 46
10 55
10 59
10 61
10 64
10 69
10 74
10 75
10 81
10 84
10 90
10 91
10 96
10 101
10 104
10 106
10 110
10 119
10 120
10 121
10 125
10 126
10 130
10 131
10 135
142 143
142 126
142 1
142 2
142 3
142 133
142 6
142 136
142 137
142 138
142 13
142 141
142 17
142 21
142 22
142 26
142 27
142 31
142 32
142 33
142 42
142 46
142 48
142 51
142 56
142 61
142 62
142 68
142 71
142 77
142 78
142 83
142 88
142 91
142 93
142 97
142 106
142 107
142 108
142 112
142 113
142 117
142 118
142 122
17 18
17 1
17 21
17 22
17 23
17 8
17 26
17 11
17 12
17 13
17 33
17 16
17 37
17 41
17 42
17 46
17 47
17 51
17 52
17 53
17 62
17 66
17 68
17 71
17 76
17 81
17 82
17 88
17 91
17 97
17 98
17 103
17 108
17 111
17 113
17 117
17 126
17 127
17 128
17 132
17 133
17 137
17 138
17 142
21 22
21 5
21 25
21 26
21 27
21 12
21 30
21 15
21 16
21 17
21 37
21 20
21 41
21 45
21 46
21 50
21 51
21 55
21 56
21 57
21 66
21 70
21 72
21 75
21 80
21 85
21 86
21 92
21 95
21 101
21 102
21 107
21 112
21 115
21 117
21 121
21 130
21 131
21 132
21 136
21 137
21 141
21 142
21 1
26 27
26 10
26 30
26 31
26 32
26 17
26 35
26 20
26 21
26 22
26 42
26 25
26 46
26 50
26 51
26 55
26 56
26 60
26 61
26 62
26 71
26 75
26 77
26 80
26 85
26 90
26 91
26 97
26 100
26 106
26 107
26 112
26 117
26 120
26 122
26 126
26 135
26 136
26 137
26 141
26 142
26 1
26 2
26 6
31 32
31 15
31 35
31 36
31 37
31 22
31 40
31 25
31 26
31 27
31 47
31 30
31 51
31 55
31 56
31 60
31 61
31 65
31 66
31 67
31 76
31 80
31 82
31 85
31 90
31 95
31 96
31 102
31 105
31 111
31 112
31 117
31 122
31 125
31 127
31 131
31 140
31 141
31 142
31 1
31 2
31 6
31 7
31 11
37 38
37 21
37 41
37 42
37 43
37 28
37 46
37 31
37 32
37 33
37 53
37 36
37 57
37 61
37 62
37 66
37 67
37 71
37 72
37 73
37 82
37 86
37 88
37 91
37 96
37 101
37 102
37 108
37 111
37 117
37 118
37 123
37 128
37 131
37 133
37 137
37 1
37 2
37 3
37 7
37 8
37 12
37 13
37 17
46 47
46 30
46 50
46 51
46 52
46 37
46 55
46 40
46 41
46 42
46 62
46 45
46 66
46 70
46 71
46 75
46 76
46 80
46 81
46 82
46 91
46 95
46 97
46 100
46 105
46 110
46 111
46 117
46 120
46 126
46 127
46 132
46 137
46 140
46 142
46 1
46 10
46 11
46 12
46 16
46 17
46 21
46 22
46 26
50 51
50 34
50 54
50 55
50 56
50 41
50 59
50 44
50 45
50 46
50 66
50 49
50 70
50 74
50 75
50 79
50 80
50 84
50 85
50 86
50 95
50 99
50 101
50 104
50 109
50 114
50 115
50 121
50 124
50 130
50 131
50 136
50 141
50 144
50 1
50 5
50 14
50 15
50 16
50 20
50 21
50 25
50 26
50 30
52 53
52 36
52 56
52 57
52 58
52 43
52 61
52 46
52 47
52 48
52 68
52 51
52 72
52 76
52 77
52 81
52 82
52 86
52 87
52 88
52 97
52 101
52 103
52 106
52 111
52 116
52 117
52 123
52 126
52 132
52 133
52 138
52 143
52 1
52 3
52 7
52 16
52 17
52 18
52 22
52 23
52 27
52 28
52 32
55 56
55 39
55 59
55 60
55 61
55 46
55 64
55 49
55 50
55 51
55 71
55 54
55 75
55 79
55 80
55 84
55 85
55 89
55 90
55 91
55 100
55 104
55 106
55 109
55 114
55 119
55 120
55 126
55 129
55 135
55 136
55 141
55 1
55 4
55 6
55 10
55 19
55 20
55 21
55 25
55 26
55 30
55 31
55 35
60 61
60 44
60 64
60 65
60 66
60 51
60 69
60 54
60 55
60 56
60 76
60 59
60 80
60 84
60 85
60 89
60 90
60 94
60 95
60 96
60 105
60 109
60 111
60 114
60 119
60 124
60 125
60 131
60 134
60 140
60 141
60 1
60 6
60 9
60 11
60 15
60 24
60 25
60 26
60 30
60 31
60 35
60 36
60 40
66 67
66 50
66 70
66 71
66 72
66 57
66 75
66 60
66 61
66 62
66 82
66 65
66 86
66 90
66 91
66 95
66 96
66 100
66 101
66 102
66 111
66 115
66 117
66 120
66 125
66 130
66 131
66 137
66 140
66 1
66 2
66 7
66 12
66 15
66 17
66 21
66 30
66 31
66 32
66 36
66 37
66 41
66 42
66 46
72 73
72 56
72 76
72 77
72 78
72 63
72 81
72 66
72 67
72 68
72 88
72 71
72 92
72 96
72 97
72 101
72 102
72 106
72 107
72 108
72 117
72 121
72 123
72 126
72 131
72 136
72 137
72 143
72 1
72 7
72 8
72 13
72 18
72 21
72 23
72 27
72 36
72 37
72 38
72 42
72 43
72 47
72 48
72 52
75 76
75 59
75 79
75 80
75 81
75 66
75 84
75 69
75 70
75 71
75 91
75 74
75 95
75 99
75 100
75 104
75 105
75 109
75 110
75 111
75 120
75 124
75 126
75 129
75 134
75 139
75 140
75 1
75 4
75 10
75 11
75 16
75 21
75 24
75 26
75 30
75 39
75 40
75 41
75 45
75 46
75 50
75 51
75 55
82 83
82 66
82 86
82 87
82 88
82 73
82 91
82 76
82 77
82 78
82 98
82 81
82 102
82 106
82 107
82 111
82 112
82 116
82 117
82 118
82 127
82 131
82 133
82 136
82 141
82 1
82 2
82 8
82 11
82 17
82 18
82 23
82 28
82 31
82 33
82 37
82 46
82 47
82 48
82 52
82 53
82 57
82 58
82 62
87 88
87 71
87 91
87 92
87 93
87 78
87 96
87 81
87 82
87 83
87 103
87 86
87 107
87 111
87 112
87 116
87 117
87 121
87 122
87 123
87 132
87 136
87 138
87 141
87 1
87 6
87 7
87 13
87 16
87 22
87 23
87 28
87 33
87 36
87 38
87 42
87 51
87 52
87 53
87 57
87 58
87 62
87 63
87 67
92 93
92 76
92 96
92 97
92 98
92 83
92 101
92 86
92 87
92 88
92 108
92 91
92 112
92 116
92 117
92 121
92 122
92 126
92 127
92 128
92 137
92 141
92 143
92 1
92 6
92 11
92 12
92 18
92 21
92 27
92 28
92 33
92 38
92 41
92 43
92 47
92 56
92 57
92 58
92 62
92 63
92 67
92 68
92 72
95 96
95 79
95 99
95 100
95 101
95 86
95 104
95 89
95 90
95 91
95 111
95 94
95 115
95 119
95 120
95 124
95 125
95 129
95 130
95 131
95 140
95 144
95 1
95 4
95 9
95 14
95 15
95 21
95 24
95 30
95 31
95 36
95 41
95 44
95 46
95 50
95 59
95 60
95 61
95 65
95 66
95 70
95 71
95 75
97 98
97 81
97 101
97 102
97 103
97 88
97 106
97 91
97 92
97 93
97 113
97 96
97 117
97 121
97 122
97 126
97 127
97 131
97 132
97 133
97 142
97 1
97 3
97 6
97 11
97 16
97 17
97 23
97 26
97 32
97 33
97 38
97 43
97 46
97 48
97 52
97 61
97 62
97 63
97 67
97 68
97 72
97 73
97 77
101 102
101 85
101 105
101 106
101 107
101 92
101 110
101 95
101 96
101 97
101 117
101 100
101 121
101 125
101 126
101 130
101 131
101 135
101 136
101 137
101 1
101 5
101 7
101 10
101 15
101 20
101 21
101 27
101 30
101 36
101 37
101 42
101 47
101 50
101 52
101 56
101 65
101 66
101 67
101 71
101 72
101 76
101 77
101 81
112 113
112 96
112 116
112 117
112 118
112 103
112 121
112 106
112 107
112 108
112 128
112 111
112 132
112 136
112 137
112 141
112 142
112 1
112 2
112 3
112 12
112 16
112 18
112 21
112 26
112 31
112 32
112 38
112 41
112 47
112 48
112 53
112 58
112 61
112 63
112 67
112 76
112 77
112 78
112 82
112 83
112 87
112 88
112 92
117 118
117 101
117 121
117 122
117 123
117 108
117 126
117 111
117 112
117 113
117 133
117 116
117 137
117 141
117 142
117 1
117 2
117 6
117 7
117 8
117 17
117 21
117 23
117 26
117 31
117 36
117 37
117 43
117 46
117 52
117 53
117 58
117 63
117 66
117 68
117 72
117 81
117 82
117 83
117 87
117 88
117 92
117 93
117 97
122 123
122 106
122 126
122 127
122 128
122 113
122 131
122 116
122 117
122 118
122 138
122 121
122 142
122 1
122 2
122 6
122 7
122 11
122 12
122 13
122 22
122 26
122 28
122 31
122 36
122 41
122 42
122 48
122 51
122 57
122 58
122 63
122 68
122 71
122 73
122 77
122 86
122 87
122 88
122 92
122 93
122 97
122 98
122 102
126 127
126 110
126 130
126 131
126 132
126 117
126 135
126 120
126 121
126 122
126 142
126 125
126 1
126 5
126 6
126 10
126 11
126 15
126 16
126 17
126 26
126 30
126 32
126 35
126 40
126 45
126 46
126 52
126 55
126 61
126 62
126 67
126 72
126 75
126 77
126 81
126 90
126 91
126 92
126 96
126 97
126 101
126 102
126 106
3 4
3 132
3 7
3 8
3 9
3 139
3 12
3 142
3 143
3 144
3 19
3 2
3 23
3 27
3 28
3 32
3 33
3 37
3 38
3 39
3 48
3 52
3 54
3 57
3 62
3 67
3 68
3 74
3 77
3 83
3 84
3 89
3 94
3 97
3 99
3 103
3 112
3 113
3 114
3 118
3 119
3 123
3 124
3 128
131 132
131 115
131 135
131 136
131 137
131 122
131 140
131 125
131 126
131 127
131 2
131 130
131 6
131 10
131 11
131 15
131 16
131 20
131 21
131 22
131 31
131 35
131 37
131 40
131 45
131 50
131 51
131 57
131 60
131 66
131 67
131 72
131 77
131 80
131 82
131 86
131 95
131 96
131 97
131 101
131 102
131 106
131 107
131 111
8 9
8 137
8 12
8 13
8 14
8 144
8 17
8 2
8 3
8 4
8 24
8 7
8 28
8 32
8 33
8 37
8 38
8 42
8 43
8 44
8 53
8 57
8 59
8 62
8 67
8 72
8 73
8 79
8 82
8 88
8 89
8 94
8 99
8 102
8 104
8 108
8 117
8 118
8 119
8 123
8 124
8 128
8 129
8 133
138 139
138 122
138 142
138 143
138 144
138 129
138 2
138 132
138 133
138 134
138 9
138 137
138 13
138 17
138 18
138 22
138 23
138 27
138 28
138 29
138 38
138 42
138 44
138 47
138 52
138 57
138 58
138 64
138 67
138 73
138 74
138 79
138 84
138 87
138 89
138 93
138 102
138 103
138 104
138 108
138 109
138 113
138 114
138 118
11 12
11 140
11 15
11 16
11 17
11 2
11 20
11 5
11 6
11 7
11 27
11 10
11 31
11 35
11 36
11 40
11 41
11 45
11 46
11 47
11 56
11 60
11 62
11 65
11 70
11 75
11 76
11 82
11 85
11 91
11 92
11 97
11 102
11 105
11 107
11 111
11 120
11 121
11 122
11 126
11 127
11 131
11 132
11 136
143 144
143 127
143 2
143 3
143 4
143 134
143 7
143 137
143 138
143 139
143 14
143 142
143 18
143 22
143 23
143 27
143 28
143 32
143 33
143 34
143 43
143 47
143 49
143 52
143 57
143 62
143 63
143 69
143 72
143 78
143 79
143 84
143 89
143 92
143 94
143 98
143 107
143 108
143 109
143 113
143 114
143 118
143 119
143 123
18 19
18 2
18 22
18 23
18 24
18 9
18 27
18 12
18 13
18 14
18 34
18 17
18 38
18 42
18 43
18 47
18 48
18 52
18 53
18 54
18 63
18 67
18 69
18 72
18 77
18 82
18 83
18 89
18 92
18 98
18 99
18 104
18 109
18 112
18 114
18 118
18 127
18 128
18 129
18 133
18 134
18 138
18 139
18 143
22 23
22 6
22 26
22 27
22 28
22 13
22 31
22 16
22 17
22 18
22 38
22 21
22 42
22 46
22 47
22 51
22 52
22 56
22 57
22 58
22 67
22 71
22 73
22 76
22 81
22 86
22 87
22 93
22 96
22 102
22 103
22 108
22 113
22 116
22 118
22 122
22 131
22 132
22 133
22 137
22 138
22 142
22 143
22 2
27 28
27 11
27 31
27 32
27 33
27 18
27 36
27 21
27 22
27 23
27 43
27 26
27 47
27 51
27 52
27 56
27 57
27 61
27 62
27 63
27 72
27 76
27 78
27 81
27 86
27 91
27 92
27 98
27 101
27 107
27 108
27 113
27 118
27 121
27 123
27 127
27 136
27 137
27 138
27 142
27 143
27 2
27 3
27 7
32 33
32 16
32 36
32 37
32 38
32 23
32 41
32 26
32 27
32 28
32 48
32 31
32 52
32 56
32 57
32 61
32 62
32 66
32 67
32 68
32 77
32 81
32 83
32 86
32 91
32 96
32 97
32 103
32 106
32 112
32 113
32 118
32 123
32 126
32 128
32 132
32 141
32 142
32 143
32 2
32 3
32 7
32 8
32 12
38 39
38 22
38 42
38 43
38 44
38 29
38 47
38 32
38 33
38 34
38 54
38 37
38 58
38 62
38 63
38 67
38 68
38 72
38 73
38 74
38 83
38 87
38 89
38 92
38 97
38 102
38 103
38 109
38 112
38 118
38 119
38 124
38 129
38 132
38 134
38 138
38 2
38 3
38 4
38 8
38 9
38 13
38 14
38 18
47 48
47 31
47 51
47 52
47 53
47 38
47 56
47 41
47 42
47 43
47 63
47 46
47 67
47 71
47 72
47 76
47 77
47 81
47 82
47 83
47 92
47 96
47 98
47 101
47 106
47 111
47 112
47 118
47 121
47 127
47 128
47 133
47 138
47 141
47 143
47 2
47 11
47 12
47 13
47 17
47 18
47 22
47 23
47 27
53 54
53 37
53 57
53 58
53 59
53 44
53 62
53 47
53 48
53 49
53 69
53 52
53 73
53 77
53 78
53 82
53 83
53 87
53 88
53 89
53 98
53 102
53 104
53 107
53 112
53 117
53 118
53 124
53 127
53 133
53 134
53 139
53 144
53 2
53 4
53 8
53 17
53 18
53 19
53 23
53 24
53 28
53 29
53 33
56 57
56 40
56 60
56 61
56 62
56 47
56 65
56 50
56 51
56 52
56 72
56 55
56 76
56 80
56 81
56 85
56 86
56 90
56 91
56 92
56 101
56 105
56 107
56 110
56 115
56 120
56 121
56 127
56 130
56 136
56 137
56 142
56 2
56 5
56 7
56 11
56 20
56 21
56 22
56 26
56 27
56 31
56 32
56 36
61 62
61 45
61 65
61 66
61 67
61 52
61 70
61 55
61 56
61 57
61 77
61 60
61 81
61 85
61 86
61 90
61 91
61 95
61 96
61 97
61 106
61 110
61 112
61 115
61 120
61 125
61 126
61 132
61 135
61 141
61 142
61 2
61 7
61 10
61 12
61 16
61 25
61 26
61 27
61 31
61 32
61 36
61 37
61 41
67 68
67 51
67 71
67 72
67 73
67 58
67 76
67 61
67 62
67 63
67 83
67 66
67 87
67 91
67 92
67 96
67 97
67 101
67 102
67 103
67 112
67 116
67 118
67 121
67 126
67 131
67 132
67 138
67 141
67 2
67 3
67 8
67 13
67 16
67 18
67 22
67 31
67 32
67 33
67 37
67 38
67 42
67 43
67 47
73 74
73 57
73 77
73 78
73 79
73 64
73 82
73 67
73 68
73 69
73 89
73 72
73 93
73 97
73 98
73 102
73 103
73 107
73 108
73 109
73 118
73 122
73 124
73 127
73 132
73 137
73 138
73 144
73 2
73 8
73 9
73 14
73 19
73 22
73 24
73 28
73 37
73 38
73 39
73 43
73 44
73 48
73 49
73 53
76 77
76 60
76 80
76 81
76 82
76 67
76 85
76 70
76 71
76 72
76 92
76 75
76 96
76 100
76 101
76 105
76 106
76 110
76 111
76 112
76 121
76 125
76 127
76 130
76 135
76 140
76 141
76 2
76 5
76 11
76 12
76 17
76 22
76 25
76 27
76 31
76 40
76 41
76 42
76 46
76 47
76 51
76 52
76 56
83 84
83 67
83 87
83 88
83 89
83 74
83 92
83 77
83 78
83 79
83 99
83 82
83 103
83 107
83 108
83 112
83 113
83 117
83 118
83 119
83 128
83 132
83 134
83 137
83 142
83 2
83 3
83 9
83 12
83 18
83 19
83 24
83 29
83 32
83 34
83 38
83 47
83 48
83 49
83 53
83 54
83 58
83 59
83 63
88 89
88 72
88 92
88 93
88 94
88 79
88 97
88 82
88 83
88 84
88 104
88 87
88 108
88 112
88 113
88 117
88 118
88 122
88 123
88 124
88 133
88 137
88 139
88 142
88 2
88 7
88 8
88 14
88 17
88 23
88 24
88 29
88 34
88 37
88 39
88 43
88 52
88 53
88 54
88 58
88 59
88 63
88 64
88 68
93 94
93 77
93 97
93 98
93 99
93 84
93 102
93 87
93 88
93 89
93 109
93 92
93 113
93 117
93 118
93 122
93 123
93 127
93 128
93 129
93 138
93 142
93 144
93 2
93 7
93 12
93 13
93 19
93 22
93 28
93 29
93 34
93 39
93 42
93 44
93 48
93 57
93 58
93 59
93 63
93 64
93 68
93 69
93 73
98 99
98 82
98 102
98 103
98 104
98 89
98 107
98 92
98 93
98 94
98 114
98 97
98 118
98 122
98 123
98 127
98 128
98 132
98 133
98 134
98 143
98 2
98 4
98 7
98 12
98 17
98 18
98 24
98 27
98 33
98 34
98 39
98 44
98 47
98 49
98 53
98 62
98 63
98 64
98 68
98 69
98 73
98 74
98 78
102 103
102 86
102 106
102 107
102 108
102 93
102 111
102 96
102 97
102 98
102 118
102 101
102 122
102 126
102 127
102 131
102 132
102 136
102 137
102 138
102 2
102 6
102 8
102 11
102 16
102 21
102 22
102 28
102 31
102 37
102 38
102 43
102 48
102 51
102 53
102 57
102 66
102 67
102 68
102 72
102 73
102 77
102 78
102 82
113 114
113 97
113 117
113 118
113 119
113 104
113 122
113 107
113 108
113 109
113 129
113 112
113 133
113 137
113 138
113 142
113 143
113 2
113 3
113 4
113 13
113 17
113 19
113 22
113 27
113 32
113 33
113 39
113 42
113 48
113 49
113 54
113 59
113 62
113 64
113 68
113 77
113 78
113 79
113 83
113 84
113 88
113 89
113 93
118 119
118 102
118 122
118 123
118 124
118 109
118 127
118 112
118 113
118 114
118 134
118 117
118 138
118 142
118 143
118 2
118 3
118 7
118 8
118 9
118 18
118 22
118 24
118 27
118 32
118 37
118 38
118 44
118 47
118 53
118 54
118 59
118 64
118 67
118 69
118 73
118 82
118 83
118 84
118 88
118 89
118 93
118 94
118 98
123 124
123 107
123 127
123 128
123 129
123 114
123 132
123 117
123 118
123 119
123 139
123 122
123 143
123 2
123 3
123 7
123 8
123 12
123 13
123 14
123 23
123 27
123 29
123 32
123 37
123 42
123 43
123 49
123 52
123 58
123 59
123 64
123 69
123 72
123 74
123 78
123 87
123 88
123 89
123 93
123 94
123 98
123 99
123 103
127 128
127 111
127 131
127 132
127 133
127 118
127 136
127 121
127 122
127 123
127 143
127 126
127 2
127 6
127 7
127 11
127 12
127 16
127 17
127 18
127 27
127 31
127 33
127 36
127 41
127 46
127 47
127 53
127 56
127 62
127 63
127 68
127 73
127 76
127 78
127 82
127 91
127 92
127 93
127 97
127 98
127 102
127 103
127 107
132 133
132 116
132 136
132 137
132 138
132 123
132 141
132 126
132 127
132 128
132 3
132 131
132 7
132 11
132 12
132 16
132 17
132 21
132 22
132 23
132 32
132 36
132 38
132 41
132 46
132 51
132 52
132 58
132 61
132 67
132 68
132 73
132 78
132 81
132 83
132 87
132 96
132 97
132 98
132 102
132 103
132 107
132 108
132 112
12 13
12 141
12 16
12 17
12 18
12 3
12 21
12 6
12 7
12 8
12 28
12 11
12 32
12 36
12 37
12 41
12 42
12 46
12 47
12 48
12 57
12 61
12 63
12 66
12 71
12 76
12 77
12 83
12 86
12 92
12 93
12 98
12 103
12 106
12 108
12 112
12 121
12 122
12 123
12 127
12 128
12 132
12 133
12 137
19 20
19 3
19 23
19 24
19 25
19 10
19 28
19 13
19 14
19 15
19 35
19 18
19 39
19 43
19 44
19 48
19 49
19 53
19 54
19 55
19 64
19 68
19 70
19 73
19 78
19 83
19 84
19 90
19 93
19 99
19 100
19 105
19 110
19 113
19 115
19 119
19 128
19 129
19 130
19 134
19 135
19 139
19 140
19 144
23 24
23 7
23 27
23 28
23 29
23 14
23 32
23 17
23 18
23 19
23 39
23 22
23 43
23 47
23 48
23 52
23 53
23 57
23 58
23 59
23 68
23 72
23 74
23 77
23 82
23 87
23 88
23 94
23 97
23 103
23 104
23 109
23 114
23 117
23 119
23 123
23 132
23 133
23 134
23 138
23 139
23 143
23 144
23 3
28 29
28 12
28 32
28 33
28 34
28 19
28 37
28 22
28 23
28 24
28 44
28 27
28 48
28 52
28 53
28 57
28 58
28 62
28 63
28 64
28 73
28 77
28 79
28 82
28 87
28 92
28 93
28 99
28 102
28 108
28 109
28 114
28 119
28 122
28 124
28 128
28 137
28 138
28 139
28 143
28 144
28 3
28 4
28 8
33 34
33 17
33 37
33 38
33 39
33 24
33 42
33 27
33 28
33 29
33 49
33 32
33 53
33 57
33 58
33 62
33 63
33 67
33 68
33 69
33 78
33 82
33 84
33 87
33 92
33 97
33 98
33 104
33 107
33 113
33 114
33 119
33 124
33 127
33 129
33 133
33 142
33 143
33 144
33 3
33 4
33 8
33 9
33 13
39 40
39 23
39 43
39 44
39 45
39 30
39 48
39 33
39 34
39 35
39 55
39 38
39 59
39 63
39 64
39 68
39 69
39 73
39 74
39 75
39 84
39 88
39 90
39 93
39 98
39 103
39 104
39 110
39 113
39 119
39 120
39 125
39 130
39 133
39 135
39 139
39 3
39 4
39 5
39 9
39 10
39 14
39 15
39 19
48 49
48 32
48 52
48 53
48 54
48 39
48 57
48 42
48 43
48 44
48 64
48 47
48 68
48 72
48 73
48 77
48 78
48 82
48 83
48 84
48 93
48 97
48 99
48 102
48 107
48 112
48 113
48 119
48 122
48 128
48 129
48 134
48 139
48 142
48 144
48 3
48 12
48 13
48 14
48 18
48 19
48 23
48 24
48 28
57 58
57 41
57 61
57 62
57 63
57 48
57 66
57 51
57 52
57 53
57 73
57 56
57 77
57 81
57 82
57 86
57 87
57 91
57 92
57 93
57 102
57 106
57 108
57 111
57 116
57 121
57 122
57 128
57 131
57 137
57 138
57 143
57 3
57 6
57 8
57 12
57 21
57 22
57 23
57 27
57 28
57 32
57 33
57 37
62 63
62 46
62 66
62 67
62 68
62 53
62 71
62 56
62 57
62 58
62 78
62 61
62 82
62 86
62 87
62 91
62 92
62 96
62 97
62 98
62 107
62 111
62 113
62 116
62 121
62 126
62 127
62 133
62 136
62 142
62 143
62 3
62 8
62 11
62 13
62 17
62 26
62 27
62 28
62 32
62 33
62 37
62 38
62 42
68 69
68 52
68 72
68 73
68 74
68 59
68 77
68 62
68 63
68 64
68 84
68 67
68 88
68 92
68 93
68 97
68 98
68 102
68 103
68 104
68 113
68 117
68 119
68 122
68 127
68 132
68 133
68 139
68 142
68 3
68 4
68 9
68 14
68 17
68 19
68 23
68 32
68 33
68 34
68 38
68 39
68 43
68 44
68 48
77 78
77 61
77 81
77 82
77 83
77 68
77 86
77 71
77 72
77 73
77 93
77 76
77 97
77 101
77 102
77 106
77 107
77 111
77 112
77 113
77 122
77 126
77 128
77 131
77 136
77 141
77 142
77 3
77 6
77 12
77 13
77 18
77 23
77 26
77 28
77 32
77 41
77 42
77 43
77 47
77 48
77 52
77 53
77 57
84 85
84 68
84 88
84 89
84 90
84 75
84 93
84 78
84 79
84 80
84 100
84 83
84 104
84 108
84 109
84 113
84 114
84 118
84 119
84 120
84 129
84 133
84 135
84 138
84 143
84 3
84 4
84 10
84 13
84 19
84 20
84 25
84 30
84 33
84 35
84 39
84 48
84 49
84 50
84 54
84 55
84 59
84 60
84 64
89 90
89 73
89 93
89 94
89 95
89 80
89 98
89 83
89 84
89 85
89 105
89 88
89 109
89 113
89 114
89 118
89 119
89 123
89 124
89 125
89 134
89 138
89 140
89 143
89 3
89 8
89 9
89 15
89 18
89 24
89 25
89 30
89 35
89 38
89 40
89 44
89 53
89 54
89 55
89 59
89 60
89 64
89 65
89 69
99 100
99 83
99 103
99 104
99 105
99 90
99 108
99 93
99 94
99 95
99 115
99 98
99 119
99 123
99 124
99 128
99 129
99 133
99 134
99 135
99 144
99 3
99 5
99 8
99 13
99 18
99 19
99 25
99 28
99 34
99 35
99 40
99 45
99 48
99 50
99 54
99 63
99 64
99 65
99 69
99 70
99 74
99 75
99 79
103 104
103 87
103 107
103 108
103 109
103 94
103 112
103 97
103 98
103 99
103 119
103 102
103 123
103 127
103 128
103 132
103 133
103 137
103 138
103 139
103 3
103 7
103 9
103 12
103 17
103 22
103 23
103 29
103 32
103 38
103 39
103 44
103 49
103 52
103 54
103 58
103 67
103 68
103 69
103 73
103 74
103 78
103 79
103 83
114 115
114 98
114 118
114 119
114 120
114 105
114 123
114 108
114 109
114 110
114 130
114 113
114 134
114 138
114 139
114 143
114 144
114 3
114 4
114 5
114 14
114 18
114 20
114 23
114 28
114 33
114 34
114 40
114 43
114 49
114 50
114 55
114 60
114 63
114 65
114 69
114 78
114 79
114 80
114 84
114 85
114 89
114 90
114 94
119 120
119 103
119 123
119 124
119 125
119 110
119 128
119 113
119 114
119 115
119 135
119 118
119 139
119 143
119 144
119 3
119 4
119 8
119 9
119 10
119 19
119 23
119 25
119 28
119 33
119 38
119 39
119 45
119 48
119 54
119 55
119 60
119 65
119 68
119 70
119 74
119 83
119 84
119 85
119 89
119 90
119 94
119 95
119 99
124 125
124 108
124 128
124 129
124 130
124 115
124 133
124 118
124 119
124 120
124 140
124 123
124 144
124 3
124 4
124 8
124 9
124 13
124 14
124 15
124 24
124 28
124 30
124 33
124 38
124 43
124 44
124 50
124 53
124 59
124 60
124 65
124 70
124 73
124 75
124 79
124 88
124 89
124 90
124 94
124 95
124 99
124 100
124 104
128 129
128 112
128 132
128 133
128 134
128 119
128 137
128 122
128 123
128 124
128 144
128 127
128 3
128 7
128 8
128 12
128 13
128 17
128 18
128 19
128 28
128 32
128 34
128 37
128 42
128 47
128 48
128 54
128 57
128 63
128 64
128 69
128 74
128 77
128 79
128 83
128 92
128 93
128 94
128 98
128 99
128 103
128 104
128 108
133 134
133 117
133 137
133 138
133 139
133 124
133 142
133 127
133 128
133 129
133 4
133 132
133 8
133 12
133 13
133 17
133 18
133 22
133 23
133 24
133 33
133 37
133 39
133 42
133 47
133 52
133 53
133 59
133 62
133 68
133 69
133 74
133 79
133 82
133 84
133 88
133 97
133 98
133 99
133 103
133 104
133 108
133 109
133 113
13 14
13 142
13 17
13 18
13 19
13 4
13 22
13 7
13 8
13 9
13 29
13 12
13 33
13 37
13 38
13 42
13 43
13 47
13 48
13 49
13 58
13 62
13 64
13 67
13 72
13 77
13 78
13 84
13 87
13 93
13 94
13 99
13 104
13 107
13 109
13 113
13 122
13 123
13 124
13 128
13 129
13 133
13 134
13 138
40 41
40 24
40 44
40 45
40 46
40 31
40 49
40 34
40 35
40 36
40 56
40 39
40 60
40 64
40 65
40 69
40 70
40 74
40 75
40 76
40 85
40 89
40 91
40 94
40 99
40 104
40 105
40 111
40 114
40 120
40 121
40 126
40 131
40 134
40 136
40 140
40 4
40 5
40 6
40 10
40 11
40 15
40 16
40 20
58 59
58 42
58 62
58 63
58 64
58 49
58 67
58 52
58 53
58 54
58 74
58 57
58 78
58 82
58 83
58 87
58 88
58 92
58 93
58 94
58 103
58 107
58 109
58 112
58 117
58 122
58 123
58 129
58 132
58 138
58 139
58 144
58 4
58 7
58 9
58 13
58 22
58 23
58 24
58 28
58 29
58 33
58 34
58 38
63 64
63 47
63 67
63 68
63 69
63 54
63 72
63 57
63 58
63 59
63 79
63 62
63 83
63 87
63 88
63 92
63 93
63 97
63 98
63 99
63 108
63 112
63 114
63 117
63 122
63 127
63 128
63 134
63 137
63 143
63 144
63 4
63 9
63 12
63 14
63 18
63 27
63 28
63 29
63 33
63 34
63 38
63 39
63 43
69 70
69 53
69 73
69 74
69 75
69 60
69 78
69 63
69 64
69 65
69 85
69 68
69 89
69 93
69 94
69 98
69 99
69 103
69 104
69 105
69 114
69 118
69 120
69 123
69 128
69 133
69 134
69 140
69 143
69 4
69 5
69 10
69 15
69 18
69 20
69 24
69 33
69 34
69 35
69 39
69 40
69 44
69 45
69 49
78 79
78 62
78 82
78 83
78 84
78 69
78 87
78 72
78 73
78 74
78 94
78 77
78 98
78 102
78 103
78 107
78 108
78 112
78 113
78 114
78 123
78 127
78 129
78 132
78 137
78 142
78 143
78 4
78 7
78 13
78 14
78 19
78 24
78 27
78 29
78 33
78 42
78 43
78 44
78 48
78 49
78 53
78 54
78 58
85 86
85 69
85 89
85 90
85 91
85 76
85 94
85 79
85 80
85 81
85 101
85 84
85 105
85 109
85 110
85 114
85 115
85 119
85 120
85 121
85 130
85 134
85 136
85 139
85 144
85 4
85 5
85 11
85 14
85 20
85 21
85 26
85 31
85 34
85 36
85 40
85 49
85 50
85 51
85 55
85 56
85 60
85 61
85 65
90 91
90 74
90 94
90 95
90 96
90 81
90 99
90 84
90 85
90 86
90 106
90 89
90 110
90 114
90 115
90 119
90 120
90 124
90 125
90 126
90 135
90 139
90 141
90 144
90 4
90 9
90 10
90 16
90 19
90 25
90 26
90 31
90 36
90 39
90 41
90 45
90 54
90 55
90 56
90 60
90 61
90 65
90 66
90 70
104 105
104 88
104 108
104 109
104 110
104 95
104 113
104 98
104 99
104 100
104 120
104 103
104 124
104 128
104 129
104 133
104 134
104 138
104 139
104 140
104 4
104 8
104 10
104 13
104 18
104 23
104 24
104 30
104 33
104 39
104 40
104 45
104 50
104 53
104 55
104 59
104 68
104 69
104 70
104 74
104 75
104 79
104 80
104 84
134 135
134 118
134 138
134 139
134 140
134 125
134 143
134 128
134 129
134 130
134 5
134 133
134 9
134 13
134 14
134 18
134 19
134 23
134 24
134 25
134 34
134 38
134 40
134 43
134 48
134 53
134 54
134 60
134 63
134 69
134 70
134 75
134 80
134 83
134 85
134 89
134 98
134 99
134 100
134 104
134 105
134 109
134 110
134 114
14 15
14 143
14 18
14 19
14 20
14 5
14 23
14 8
14 9
14 10
14 30
14 13
14 34
14 38
14 39
14 43
14 44
14 48
14 49
14 50
14 59
14 63
14 65
14 68
14 73
14 78
14 79
14 85
14 88
14 94
14 95
14 100
14 105
14 108
14 110
14 114
14 123
14 124
14 125
14 129
14 130
14 134
14 135
14 139
41 42
41 25
41 45
41 46
41 47
41 32
41 50
41 35
41 36
41 37
41 57
41 40
41 61
41 65
41 66
41 70
41 71
41 75
41 76
41 77
41 86
41 90
41 92
41 95
41 100
41 105
41 106
41 112
41 115
41 121
41 122
41 127
41 132
41 135
41 137
41 141
41 5
41 6
41 7
41 11
41 12
41 16
41 17
41 21
70 71
70 54
70 74
70 75
70 76
70 61
70 79
70 64
70 65
70 66
70 86
70 69
70 90
70 94
70 95
70 99
70 100
70 104
70 105
70 106
70 115
70 119
70 121
70 124
70 129
70 134
70 135
70 141
70 144
70 5
70 6
70 11
70 16
70 19
70 21
70 25
70 34
70 35
70 36
70 40
70 41
70 45
70 46
70 50
79 80
79 63
79 83
79 84
79 85
79 70
79 88
79 73
79 74
79 75
79 95
79 78
79 99
79 103
79 104
79 108
79 109
79 113
79 114
79 115
79 124
79 128
79 130
79 133
79 138
79 143
79 144
79 5
79 8
79 14
79 15
79 20
79 25
79 28
79 30
79 34
79 43
79 44
79 45
79 49
79 50
79 54
79 55
79 59
105 106
105 89
105 109
105 110
105 111
105 96
105 114
105 99
105 100
105 101
105 121
105 104
105 125
105 129
105 130
105 134
105 135
105 139
105 140
105 141
105 5
105 9
105 11
105 14
105 19
105 24
105 25
105 31
105 34
105 40
105 41
105 46
105 51
105 54
105 56
105 60
105 69
105 70
105 71
105 75
105 76
105 80
105 81
105 85
135 136
135 119
135 139
135 140
135 141
135 126
135 144
135 129
135 130
135 131
135 6
135 134
135 10
135 14
135 15
135 19
135 20
135 24
135 25
135 26
135 35
135 39
135 41
135 44
135 49
135 54
135 55
135 61
135 64
135 70
135 71
135 76
135 81
135 84
135 86
135 90
135 99
135 100
135 101
135 105
135 106
135 110
135 111
135 115
15 16
15 144
15 19
15 20
15 21
15 6
15 24
15 9
15 10
15 11
15 31
15 14
15 35
15 39
15 40
15 44
15 45
15 49
15 50
15 51
15 60
15 64
15 66
15 69
15 74
15 79
15 80
15 86
15 89
15 95
15 96
15 101
15 106
15 109
15 111
15 115
15 124
15 125
15 126
15 130
15 131
15 135
15 136
15 140
42 43
42 26
42 46
42 47
42 48
42 33
42 51
42 36
42 37
42 38
42 58
42 41
42 62
42 66
42 67
42 71
42 72
42 76
42 77
42 78
42 87
42 91
42 93
42 96
42 101
42 106
42 107
42 113
42 116
42 122
42 123
42 128
42 133
42 136
42 138
42 142
42 6
42 7
42 8
42 12
42 13
42 17
42 18
42 22
106 107
106 90
106 110
106 111
106 112
106 97
106 115
106 100
106 101
106 102
106 122
106 105
106 126
106 130
106 131
106 135
106 136
106 140
106 141
106 142
106 6
106 10
106 12
106 15
106 20
106 25
106 26
106 32
106 35
106 41
106 42
106 47
106 52
106 55
106 57
106 61
106 70
106 71
106 72
106 76
106 77
106 81
106 82
106 86
43 44
43 27
43 47
43 48
43 49
43 34
43 52
43 37
43 38
43 39
43 59
43 42
43 63
43 67
43 68
43 72
43 73
43 77
43 78
43 79
43 88
43 92
43 94
43 97
43 102
43 107
43 108
43 114
43 117
43 123
43 124
43 129
43 134
43 137
43 139
43 143
43 7
43 8
43 9
43 13
43 14
43 18
43 19
43 23
107 108
107 91
107 111
107 112
107 113
107 98
107 116
107 101
107 102
107 103
107 123
107 106
107 127
107 131
107 132
107 136
107 137
107 141
107 142
107 143
107 7
107 11
107 13
107 16
107 21
107 26
107 27
107 33
107 36
107 42
107 43
107 48
107 53
107 56
107 58
107 62
107 71
107 72
107 73
107 77
107 78
107 82
107 83
107 87
44 45
44 28
44 48
44 49
44 50
44 35
44 53
44 38
44 39
44 40
44 60
44 43
44 64
44 68
44 69
44 73
44 74
44 78
44 79
44 80
44 89
44 93
44 95
44 98
44 103
44 108
44 109
44 115
44 118
